wl nw Kw GSV1 GSV2 GSV3
400 1.34 5.8e-05 0.87845 0.46703 0.56505
401 1.34 5.85e-05 0.880975 0.468141 0.564975
402 1.34 5.9e-05 0.8835 0.469252 0.5649
403 1.34 5.99e-05 0.886025 0.470363 0.564825
404 1.34 6.1e-05 0.88855 0.471474 0.56475
405 1.34 6.2e-05 0.891075 0.472585 0.564675
406 1.34 6.3e-05 0.8936 0.473696 0.5646
407 1.34 6.4e-05 0.896125 0.474807 0.564525
408 1.34 6.5e-05 0.89865 0.475918 0.56445
409 1.34 6.6e-05 0.901175 0.477029 0.564375
410 1.34 6.7e-05 0.9037 0.47814 0.5643
411 1.34 6.79e-05 0.905654 0.479135 0.56314
412 1.34 6.9e-05 0.907608 0.48013 0.56198
413 1.34 7.05e-05 0.909562 0.481125 0.56082
414 1.34 7.2e-05 0.911516 0.48212 0.55966
415 1.34 7.31e-05 0.91347 0.483115 0.5585
416 1.34 7.4e-05 0.915424 0.48411 0.55734
417 1.34 7.49e-05 0.917378 0.485105 0.55618
418 1.34 7.6e-05 0.919332 0.4861 0.55502
419 1.34 7.74e-05 0.921286 0.487095 0.55386
420 1.34 7.9e-05 0.92324 0.48809 0.5527
421 1.34 8.06e-05 0.925008 0.489267 0.550233
422 1.34 8.2e-05 0.926776 0.490444 0.547766
423 1.34 8.3e-05 0.928544 0.491621 0.545299
424 1.34 8.4e-05 0.930312 0.492798 0.542832
425 1.34 8.55e-05 0.93208 0.493975 0.540365
426 1.34 8.7e-05 0.933848 0.495152 0.537898
427 1.34 8.8e-05 0.935616 0.496329 0.535431
428 1.34 8.9e-05 0.937384 0.497506 0.532964
429 1.34 9.05e-05 0.939152 0.498683 0.530497
430 1.34 9.2e-05 0.94092 0.49986 0.52803
431 1.34 9.3e-05 0.942594 0.501218 0.524594
432 1.34 9.4e-05 0.944268 0.502576 0.521158
433 1.34 9.55e-05 0.945942 0.503934 0.517722
434 1.34 9.7e-05 0.947616 0.505292 0.514286
435 1.34 9.8e-05 0.94929 0.50665 0.51085
436 1.34 9.9e-05 0.950964 0.508008 0.507414
437 1.34 0.000101 0.952638 0.509366 0.503978
438 1.34 0.000102 0.954312 0.510724 0.500542
439 1.34 0.000103 0.955986 0.512082 0.497106
440 1.34 0.000104 0.95766 0.51344 0.49367
441 1.34 0.000105 0.959161 0.51466 0.490903
442 1.34 0.000106 0.960662 0.51588 0.488136
443 1.34 0.000107 0.962163 0.5171 0.485369
444 1.34 0.000108 0.963664 0.51832 0.482602
445 1.34 0.000109 0.965165 0.51954 0.479835
446 1.34 0.00011 0.966666 0.52076 0.477068
447 1.34 0.000111 0.968167 0.52198 0.474301
448 1.34 0.000112 0.969668 0.5232 0.471534
449 1.34 0.000113 0.971169 0.52442 0.468767
450 1.34 0.000114 0.97267 0.52564 0.466
451 1.34 0.000115 0.973898 0.52651 0.464898
452 1.34 0.000116 0.975126 0.52738 0.463796
453 1.34 0.000117 0.976354 0.52825 0.462694
454 1.34 0.000118 0.977582 0.52912 0.461592
455 1.34 0.000119 0.97881 0.52999 0.46049
456 1.34 0.00012 0.980038 0.53086 0.459388
457 1.34 0.000121 0.981266 0.53173 0.458286
458 1.34 0.000122 0.982494 0.5326 0.457184
459 1.34 0.000123 0.983722 0.53347 0.456082
460 1.34 0.000124 0.98495 0.53434 0.45498
461 1.34 0.000125 0.985599 0.53489 0.454297
462 1.34 0.000126 0.986248 0.53544 0.453614
463 1.34 0.000127 0.986897 0.53599 0.452931
464 1.34 0.000128 0.987546 0.53654 0.452248
465 1.34 0.000129 0.988195 0.53709 0.451565
466 1.34 0.00013 0.988844 0.53764 0.450882
467 1.34 0.000132 0.989493 0.53819 0.450199
468 1.34 0.000133 0.990142 0.53874 0.449516
469 1.33 0.000134 0.990791 0.53929 0.448833
470 1.33 0.000135 0.99144 0.53984 0.44815
471 1.33 0.000136 0.991501 0.540234 0.446295
472 1.33 0.000138 0.991562 0.540628 0.44444
473 1.33 0.00014 0.991623 0.541022 0.442585
474 1.33 0.000141 0.991684 0.541416 0.44073
475 1.33 0.000142 0.991745 0.54181 0.438875
476 1.33 0.000144 0.991806 0.542204 0.43702
477 1.33 0.000146 0.991867 0.542598 0.435165
478 1.33 0.000148 0.991928 0.542992 0.43331
479 1.33 0.00015 0.991989 0.543386 0.431455
480 1.33 0.000152 0.99205 0.54378 0.4296
481 1.33 0.000154 0.992143 0.544479 0.426463
482 1.33 0.000157 0.992236 0.545178 0.423326
483 1.33 0.00016 0.992329 0.545877 0.420189
484 1.33 0.000162 0.992422 0.546576 0.417052
485 1.33 0.000164 0.992515 0.547275 0.413915
486 1.33 0.000167 0.992608 0.547974 0.410778
487 1.33 0.00017 0.992701 0.548673 0.407641
488 1.33 0.000174 0.992794 0.549372 0.404504
489 1.33 0.000178 0.992887 0.550071 0.401367
490 1.33 0.000181 0.99298 0.55077 0.39823
491 1.33 0.000185 0.993142 0.551769 0.393812
492 1.33 0.000189 0.993304 0.552768 0.389394
493 1.33 0.000193 0.993466 0.553767 0.384976
494 1.33 0.000198 0.993628 0.554766 0.380558
495 1.33 0.000203 0.99379 0.555765 0.37614
496 1.33 0.000209 0.993952 0.556764 0.371722
497 1.33 0.000216 0.994114 0.557763 0.367304
498 1.33 0.000223 0.994276 0.558762 0.362886
499 1.33 0.00023 0.994438 0.559761 0.358468
500 1.33 0.000238 0.9946 0.56076 0.35405
501 1.33 0.000246 0.994903 0.561947 0.34914
502 1.33 0.000255 0.995206 0.563134 0.34423
503 1.33 0.000264 0.995509 0.564321 0.33932
504 1.33 0.000273 0.995812 0.565508 0.33441
505 1.33 0.000282 0.996115 0.566695 0.3295
506 1.33 0.000291 0.996418 0.567882 0.32459
507 1.33 0.0003 0.996721 0.569069 0.31968
508 1.33 0.00031 0.997024 0.570256 0.31477
509 1.33 0.000319 0.997327 0.571443 0.30986
510 1.33 0.000329 0.99763 0.57263 0.30495
511 1.33 0.000339 0.997867 0.573921 0.299663
512 1.33 0.000349 0.998104 0.575212 0.294376
513 1.33 0.000359 0.998341 0.576503 0.289089
514 1.33 0.000368 0.998578 0.577794 0.283802
515 1.33 0.000377 0.998815 0.579085 0.278515
516 1.33 0.000386 0.999052 0.580376 0.273228
517 1.33 0.000396 0.999289 0.581667 0.267941
518 1.33 0.000404 0.999526 0.582958 0.262654
519 1.33 0.000407 0.999763 0.584249 0.257367
520 1.33 0.000409 1 0.58554 0.25208
521 1.33 0.000414 0.999885 0.586901 0.245974
522 1.33 0.000416 0.99977 0.588262 0.239868
523 1.33 0.000411 0.999655 0.589623 0.233762
524 1.33 0.000409 0.99954 0.590984 0.227656
525 1.33 0.000418 0.999425 0.592345 0.22155
526 1.33 0.000427 0.99931 0.593706 0.215444
527 1.33 0.000427 0.999195 0.595067 0.209338
528 1.33 0.000423 0.99908 0.596428 0.203232
529 1.33 0.000424 0.998965 0.597789 0.197126
530 1.33 0.000429 0.99885 0.59915 0.19102
531 1.33 0.000437 0.998024 0.600557 0.183646
532 1.33 0.000445 0.997198 0.601964 0.176272
533 1.33 0.000451 0.996372 0.603371 0.168898
534 1.33 0.000456 0.995546 0.604778 0.161524
535 1.33 0.000463 0.99472 0.606185 0.15415
536 1.33 0.00047 0.993894 0.607592 0.146776
537 1.33 0.000475 0.993068 0.608999 0.139402
538 1.33 0.00048 0.992242 0.610406 0.132028
539 1.33 0.000488 0.991416 0.611813 0.124654
540 1.33 0.000495 0.99059 0.61322 0.11728
541 1.33 0.000498 0.988931 0.61468 0.108533
542 1.33 0.000503 0.987272 0.61614 0.099786
543 1.33 0.000514 0.985613 0.6176 0.091039
544 1.33 0.000527 0.983954 0.61906 0.082292
545 1.33 0.000536 0.982295 0.62052 0.073545
546 1.33 0.000544 0.980636 0.62198 0.064798
547 1.33 0.000553 0.978977 0.62344 0.056051
548 1.33 0.000564 0.977318 0.6249 0.047304
549 1.33 0.000576 0.975659 0.62636 0.038557
550 1.33 0.000588 0.974 0.62782 0.02981
551 1.33 0.0006 0.971434 0.629315 0.019788
552 1.33 0.000611 0.968868 0.63081 0.009766
553 1.33 0.000622 0.966302 0.632305 -0.000255999999999999
554 1.33 0.000631 0.963736 0.6338 -0.010278
555 1.33 0.000639 0.96117 0.635295 -0.0203
556 1.33 0.000646 0.958604 0.63679 -0.030322
557 1.33 0.000652 0.956038 0.638285 -0.040344
558 1.33 0.000658 0.953472 0.63978 -0.050366
559 1.33 0.000665 0.950906 0.641275 -0.060388
560 1.33 0.000672 0.94834 0.64277 -0.07041
561 1.33 0.000679 0.945049 0.644222 -0.080868
562 1.33 0.000686 0.941758 0.645674 -0.091326
563 1.33 0.000692 0.938467 0.647126 -0.101784
564 1.33 0.000699 0.935176 0.648578 -0.112242
565 1.33 0.000708 0.931885 0.65003 -0.1227
566 1.33 0.000718 0.928594 0.651482 -0.133158
567 1.33 0.000726 0.925303 0.652934 -0.143616
568 1.33 0.000734 0.922012 0.654386 -0.154074
569 1.33 0.000746 0.918721 0.655838 -0.164532
570 1.33 0.000759 0.91543 0.65729 -0.17499
571 1.33 0.000773 0.911669 0.658629 -0.185014
572 1.33 0.000787 0.907908 0.659968 -0.195038
573 1.33 0.000802 0.904147 0.661307 -0.205062
574 1.33 0.000819 0.900386 0.662646 -0.215086
575 1.33 0.000839 0.896625 0.663985 -0.22511
576 1.33 0.000858 0.892864 0.665324 -0.235134
577 1.33 0.000875 0.889103 0.666663 -0.245158
578 1.33 0.000896 0.885342 0.668002 -0.255182
579 1.33 0.000924 0.881581 0.669341 -0.265206
580 1.33 0.000952 0.87782 0.67068 -0.27523
581 1.33 0.000975 0.87446 0.671835 -0.28317
582 1.33 0.001 0.8711 0.67299 -0.29111
583 1.33 0.00104 0.86774 0.674145 -0.29905
584 1.33 0.00108 0.86438 0.6753 -0.30699
585 1.33 0.00112 0.86102 0.676455 -0.31493
586 1.33 0.00116 0.85766 0.67761 -0.32287
587 1.33 0.0012 0.8543 0.678765 -0.33081
588 1.33 0.00125 0.85094 0.67992 -0.33875
589 1.33 0.0013 0.84758 0.681075 -0.34669
590 1.33 0.00136 0.84422 0.68223 -0.35463
591 1.33 0.00141 0.841152 0.683235 -0.360836
592 1.33 0.00146 0.838084 0.68424 -0.367042
593 1.33 0.00151 0.835016 0.685245 -0.373248
594 1.33 0.00157 0.831948 0.68625 -0.379454
595 1.33 0.00164 0.82888 0.687255 -0.38566
596 1.33 0.0017 0.825812 0.68826 -0.391866
597 1.33 0.00176 0.822744 0.689265 -0.398072
598 1.33 0.00186 0.819676 0.69027 -0.404278
599 1.33 0.00204 0.816608 0.691275 -0.410484
600 1.33 0.00222 0.81354 0.69228 -0.41669
601 1.33 0.00232 0.811026 0.693181 -0.420817
602 1.33 0.00237 0.808512 0.694082 -0.424944
603 1.33 0.0024 0.805998 0.694983 -0.429071
604 1.33 0.00245 0.803484 0.695884 -0.433198
605 1.33 0.00252 0.80097 0.696785 -0.437325
606 1.33 0.00259 0.798456 0.697686 -0.441452
607 1.33 0.00263 0.795942 0.698587 -0.445579
608 1.33 0.00265 0.793428 0.699488 -0.449706
609 1.33 0.00267 0.790914 0.700389 -0.453833
610 1.33 0.00269 0.7884 0.70129 -0.45796
611 1.33 0.0027 0.786211 0.702139 -0.460548
612 1.33 0.00272 0.784022 0.702988 -0.463136
613 1.33 0.00273 0.781833 0.703837 -0.465724
614 1.33 0.00274 0.779644 0.704686 -0.468312
615 1.33 0.00275 0.777455 0.705535 -0.4709
616 1.33 0.00276 0.775266 0.706384 -0.473488
617 1.33 0.00278 0.773077 0.707233 -0.476076
618 1.33 0.00279 0.770888 0.708082 -0.478664
619 1.33 0.0028 0.768699 0.708931 -0.481252
620 1.33 0.00281 0.76651 0.70978 -0.48384
621 1.33 0.00282 0.764341 0.710618 -0.485818
622 1.33 0.00284 0.762172 0.711456 -0.487796
623 1.33 0.00285 0.760003 0.712294 -0.489774
624 1.33 0.00287 0.757834 0.713132 -0.491752
625 1.33 0.00288 0.755665 0.71397 -0.49373
626 1.33 0.00289 0.753496 0.714808 -0.495708
627 1.33 0.00291 0.751327 0.715646 -0.497686
628 1.33 0.00292 0.749158 0.716484 -0.499664
629 1.33 0.00294 0.746989 0.717322 -0.501642
630 1.33 0.00296 0.74482 0.71816 -0.50362
631 1.33 0.00297 0.742585 0.719002 -0.505653
632 1.33 0.00299 0.74035 0.719844 -0.507686
633 1.33 0.003 0.738115 0.720686 -0.509719
634 1.33 0.00301 0.73588 0.721528 -0.511752
635 1.33 0.00302 0.733645 0.72237 -0.513785
636 1.33 0.00304 0.73141 0.723212 -0.515818
637 1.33 0.00306 0.729175 0.724054 -0.517851
638 1.33 0.00308 0.72694 0.724896 -0.519884
639 1.33 0.00309 0.724705 0.725738 -0.521917
640 1.33 0.00311 0.72247 0.72658 -0.52395
641 1.33 0.00313 0.720278 0.727429 -0.525609
642 1.33 0.00314 0.718086 0.728278 -0.527268
643 1.33 0.00316 0.715894 0.729127 -0.528927
644 1.33 0.00318 0.713702 0.729976 -0.530586
645 1.33 0.0032 0.71151 0.730825 -0.532245
646 1.33 0.00322 0.709318 0.731674 -0.533904
647 1.33 0.00324 0.707126 0.732523 -0.535563
648 1.33 0.00326 0.704934 0.733372 -0.537222
649 1.33 0.00329 0.702742 0.734221 -0.538881
650 1.33 0.00332 0.70055 0.73507 -0.54054
651 1.33 0.00334 0.698411 0.735912 -0.541934
652 1.33 0.00336 0.696272 0.736754 -0.543328
653 1.33 0.00339 0.694133 0.737596 -0.544722
654 1.33 0.00342 0.691994 0.738438 -0.546116
655 1.33 0.00346 0.689855 0.73928 -0.54751
656 1.33 0.00351 0.687716 0.740122 -0.548904
657 1.33 0.00357 0.685577 0.740964 -0.550298
658 1.33 0.00364 0.683438 0.741806 -0.551692
659 1.33 0.00371 0.681299 0.742648 -0.553086
660 1.33 0.00379 0.67916 0.74349 -0.55448
661 1.33 0.00387 0.676841 0.744334 -0.556014
662 1.33 0.00393 0.674522 0.745178 -0.557548
663 1.33 0.00398 0.672203 0.746022 -0.559082
664 1.33 0.00402 0.669884 0.746866 -0.560616
665 1.33 0.00405 0.667565 0.74771 -0.56215
666 1.33 0.00407 0.665246 0.748554 -0.563684
667 1.33 0.00409 0.662927 0.749398 -0.565218
668 1.33 0.0041 0.660608 0.750242 -0.566752
669 1.33 0.00411 0.658289 0.751086 -0.568286
670 1.33 0.00412 0.65597 0.75193 -0.56982
671 1.33 0.00414 0.653576 0.752769 -0.571381
672 1.33 0.00415 0.651182 0.753608 -0.572942
673 1.33 0.00416 0.648788 0.754447 -0.574503
674 1.33 0.00417 0.646394 0.755286 -0.576064
675 1.33 0.0042 0.644 0.756125 -0.577625
676 1.33 0.00422 0.641606 0.756964 -0.579186
677 1.33 0.00425 0.639212 0.757803 -0.580747
678 1.33 0.00427 0.636818 0.758642 -0.582308
679 1.33 0.00429 0.634424 0.759481 -0.583869
680 1.33 0.00432 0.63203 0.76032 -0.58543
681 1.33 0.00435 0.629472 0.761153 -0.587162
682 1.33 0.00438 0.626914 0.761986 -0.588894
683 1.33 0.00442 0.624356 0.762819 -0.590626
684 1.33 0.00446 0.621798 0.763652 -0.592358
685 1.33 0.0045 0.61924 0.764485 -0.59409
686 1.33 0.00455 0.616682 0.765318 -0.595822
687 1.33 0.00459 0.614124 0.766151 -0.597554
688 1.33 0.00465 0.611566 0.766984 -0.599286
689 1.33 0.0047 0.609008 0.767817 -0.601018
690 1.33 0.00476 0.60645 0.76865 -0.60275
691 1.33 0.00483 0.603794 0.769476 -0.604571
692 1.33 0.0049 0.601138 0.770302 -0.606392
693 1.33 0.00499 0.598482 0.771128 -0.608213
694 1.33 0.00507 0.595826 0.771954 -0.610034
695 1.33 0.00515 0.59317 0.77278 -0.611855
696 1.33 0.00524 0.590514 0.773606 -0.613676
697 1.33 0.00535 0.587858 0.774432 -0.615497
698 1.33 0.00547 0.585202 0.775258 -0.617318
699 1.33 0.00559 0.582546 0.776084 -0.619139
700 1.33 0.00572 0.57989 0.77691 -0.62096
701 1.33 0.00586 0.5772 0.777724 -0.622769
702 1.33 0.006 0.57451 0.778538 -0.624578
703 1.33 0.00615 0.57182 0.779352 -0.626387
704 1.33 0.0063 0.56913 0.780166 -0.628196
705 1.33 0.00646 0.56644 0.78098 -0.630005
706 1.33 0.00663 0.56375 0.781794 -0.631814
707 1.33 0.0068 0.56106 0.782608 -0.633623
708 1.33 0.00699 0.55837 0.783422 -0.635432
709 1.33 0.0072 0.55568 0.784236 -0.637241
710 1.33 0.00742 0.55299 0.78505 -0.63905
711 1.33 0.00765 0.550244 0.785845 -0.640835
712 1.33 0.00789 0.547498 0.78664 -0.64262
713 1.33 0.00816 0.544752 0.787435 -0.644405
714 1.33 0.00845 0.542006 0.78823 -0.64619
715 1.33 0.00876 0.53926 0.789025 -0.647975
716 1.33 0.00911 0.536514 0.78982 -0.64976
717 1.33 0.00948 0.533768 0.790615 -0.651545
718 1.33 0.00987 0.531022 0.79141 -0.65333
719 1.33 0.0103 0.528276 0.792205 -0.655115
720 1.33 0.0107 0.52553 0.793 -0.6569
721 1.33 0.0112 0.522947 0.793767 -0.658326
722 1.33 0.0117 0.520364 0.794534 -0.659752
723 1.33 0.0122 0.517781 0.795301 -0.661178
724 1.33 0.0127 0.515198 0.796068 -0.662604
725 1.33 0.0132 0.512615 0.796835 -0.66403
726 1.33 0.0137 0.510032 0.797602 -0.665456
727 1.33 0.0143 0.507449 0.798369 -0.666882
728 1.33 0.0149 0.504866 0.799136 -0.668308
729 1.33 0.0155 0.502283 0.799903 -0.669734
730 1.33 0.0162 0.4997 0.80067 -0.67116
731 1.33 0.017 0.497284 0.801401 -0.672096
732 1.33 0.0179 0.494868 0.802132 -0.673032
733 1.33 0.0189 0.492452 0.802863 -0.673968
734 1.33 0.0199 0.490036 0.803594 -0.674904
735 1.33 0.021 0.48762 0.804325 -0.67584
736 1.33 0.0221 0.485204 0.805056 -0.676776
737 1.33 0.0231 0.482788 0.805787 -0.677712
738 1.33 0.0239 0.480372 0.806518 -0.678648
739 1.33 0.0247 0.477956 0.807249 -0.679584
740 1.33 0.0253 0.47554 0.80798 -0.68052
741 1.33 0.0258 0.473328 0.808675 -0.680919
742 1.33 0.0262 0.471116 0.80937 -0.681318
743 1.33 0.0265 0.468904 0.810065 -0.681717
744 1.33 0.0267 0.466692 0.81076 -0.682116
745 1.33 0.0269 0.46448 0.811455 -0.682515
746 1.33 0.027 0.462268 0.81215 -0.682914
747 1.33 0.0271 0.460056 0.812845 -0.683313
748 1.33 0.0272 0.457844 0.81354 -0.683712
749 1.33 0.0273 0.455632 0.814235 -0.684111
750 1.33 0.0273 0.45342 0.81493 -0.68451
751 1.33 0.0274 0.45154 0.815579 -0.684135
752 1.33 0.0274 0.44966 0.816228 -0.68376
753 1.33 0.0275 0.44778 0.816877 -0.683385
754 1.33 0.0275 0.4459 0.817526 -0.68301
755 1.33 0.0275 0.44402 0.818175 -0.682635
756 1.33 0.0275 0.44214 0.818824 -0.68226
757 1.33 0.0276 0.44026 0.819473 -0.681885
758 1.33 0.0276 0.43838 0.820122 -0.68151
759 1.33 0.0277 0.4365 0.820771 -0.681135
760 1.33 0.0277 0.43462 0.82142 -0.68076
761 1.33 0.0277 0.432917 0.822019 -0.679735
762 1.33 0.0277 0.431214 0.822618 -0.67871
763 1.33 0.0277 0.429511 0.823217 -0.677685
764 1.33 0.0277 0.427808 0.823816 -0.67666
765 1.33 0.0277 0.426105 0.824415 -0.675635
766 1.33 0.0277 0.424402 0.825014 -0.67461
767 1.33 0.0277 0.422699 0.825613 -0.673585
768 1.33 0.0276 0.420996 0.826212 -0.67256
769 1.33 0.0276 0.419293 0.826811 -0.671535
770 1.33 0.0275 0.41759 0.82741 -0.67051
771 1.33 0.0275 0.416097 0.827954 -0.668849
772 1.33 0.0275 0.414604 0.828498 -0.667188
773 1.33 0.0274 0.413111 0.829042 -0.665527
774 1.33 0.0273 0.411618 0.829586 -0.663866
775 1.33 0.0272 0.410125 0.83013 -0.662205
776 1.33 0.0271 0.408632 0.830674 -0.660544
777 1.33 0.027 0.407139 0.831218 -0.658883
778 1.33 0.0269 0.405646 0.831762 -0.657222
779 1.33 0.0268 0.404153 0.832306 -0.655561
780 1.33 0.0266 0.40266 0.83285 -0.6539
781 1.33 0.0265 0.401451 0.833344 -0.651603
782 1.33 0.0263 0.400242 0.833838 -0.649306
783 1.33 0.0262 0.399033 0.834332 -0.647009
784 1.33 0.0261 0.397824 0.834826 -0.644712
785 1.33 0.0259 0.396615 0.83532 -0.642415
786 1.33 0.0256 0.395406 0.835814 -0.640118
787 1.33 0.0252 0.394197 0.836308 -0.637821
788 1.33 0.0251 0.392988 0.836802 -0.635524
789 1.33 0.025 0.391779 0.837296 -0.633227
790 1.33 0.0247 0.39057 0.83779 -0.63093
791 1.33 0.0245 0.389463 0.838224 -0.628296
792 1.33 0.0241 0.388356 0.838658 -0.625662
793 1.33 0.0239 0.387249 0.839092 -0.623028
794 1.33 0.0237 0.386142 0.839526 -0.620394
795 1.33 0.0236 0.385035 0.83996 -0.61776
796 1.33 0.0234 0.383928 0.840394 -0.615126
797 1.33 0.0232 0.382821 0.840828 -0.612492
798 1.33 0.023 0.381714 0.841262 -0.609858
799 1.33 0.0228 0.380607 0.841696 -0.607224
800 1.33 0.0225 0.3795 0.84213 -0.60459
801 1.33 0.0224 0.378462 0.842509 -0.601747
802 1.33 0.0224 0.377424 0.842888 -0.598904
803 1.33 0.0222 0.376386 0.843267 -0.596061
804 1.33 0.022 0.375348 0.843646 -0.593218
805 1.33 0.022 0.37431 0.844025 -0.590375
806 1.33 0.022 0.373272 0.844404 -0.587532
807 1.33 0.022 0.372234 0.844783 -0.584689
808 1.33 0.0218 0.371196 0.845162 -0.581846
809 1.33 0.0219 0.370158 0.845541 -0.579003
810 1.33 0.0219 0.36912 0.84592 -0.57616
811 1.33 0.0219 0.368249 0.846272 -0.573039
812 1.33 0.022 0.367378 0.846624 -0.569918
813 1.33 0.0221 0.366507 0.846976 -0.566797
814 1.33 0.0222 0.365636 0.847328 -0.563676
815 1.33 0.0223 0.364765 0.84768 -0.560555
816 1.33 0.0225 0.363894 0.848032 -0.557434
817 1.33 0.0228 0.363023 0.848384 -0.554313
818 1.33 0.023 0.362152 0.848736 -0.551192
819 1.33 0.0231 0.361281 0.849088 -0.548071
820 1.33 0.0233 0.36041 0.84944 -0.54495
821 1.33 0.0239 0.359649 0.849801 -0.541668
822 1.33 0.0245 0.358888 0.850162 -0.538386
823 1.33 0.0248 0.358127 0.850523 -0.535104
824 1.33 0.0252 0.357366 0.850884 -0.531822
825 1.33 0.0262 0.356605 0.851245 -0.52854
826 1.33 0.0277 0.355844 0.851606 -0.525258
827 1.33 0.0283 0.355083 0.851967 -0.521976
828 1.33 0.0291 0.354322 0.852328 -0.518694
829 1.33 0.0311 0.353561 0.852689 -0.515412
830 1.33 0.0321 0.3528 0.85305 -0.51213
831 1.33 0.033 0.352018 0.853409 -0.50892
832 1.33 0.0346 0.351236 0.853768 -0.50571
833 1.33 0.0361 0.350454 0.854127 -0.5025
834 1.33 0.0366 0.349672 0.854486 -0.49929
835 1.33 0.037 0.34889 0.854845 -0.49608
836 1.33 0.0379 0.348108 0.855204 -0.49287
837 1.33 0.0383 0.347326 0.855563 -0.48966
838 1.33 0.0385 0.346544 0.855922 -0.48645
839 1.33 0.0391 0.345762 0.856281 -0.48324
840 1.33 0.0395 0.34498 0.85664 -0.48003
841 1.33 0.0397 0.344149 0.856951 -0.476966
842 1.33 0.04 0.343318 0.857262 -0.473902
843 1.33 0.0404 0.342487 0.857573 -0.470838
844 1.33 0.0406 0.341656 0.857884 -0.467774
845 1.33 0.0408 0.340825 0.858195 -0.46471
846 1.33 0.0412 0.339994 0.858506 -0.461646
847 1.33 0.0413 0.339163 0.858817 -0.458582
848 1.33 0.0415 0.338332 0.859128 -0.455518
849 1.33 0.042 0.337501 0.859439 -0.452454
850 1.33 0.042 0.33667 0.85975 -0.44939
851 1.33 0.0422 0.335745 0.860017 -0.446571
852 1.33 0.0425 0.33482 0.860284 -0.443752
853 1.33 0.0427 0.333895 0.860551 -0.440933
854 1.33 0.0428 0.33297 0.860818 -0.438114
855 1.33 0.0431 0.332045 0.861085 -0.435295
856 1.33 0.0436 0.33112 0.861352 -0.432476
857 1.33 0.0437 0.330195 0.861619 -0.429657
858 1.33 0.0438 0.32927 0.861886 -0.426838
859 1.33 0.0443 0.328345 0.862153 -0.424019
860 1.33 0.0445 0.32742 0.86242 -0.4212
861 1.33 0.0447 0.32634 0.862672 -0.418719
862 1.33 0.0451 0.32526 0.862924 -0.416238
863 1.33 0.0453 0.32418 0.863176 -0.413757
864 1.33 0.0455 0.3231 0.863428 -0.411276
865 1.33 0.0461 0.32202 0.86368 -0.408795
866 1.33 0.0466 0.32094 0.863932 -0.406314
867 1.33 0.0469 0.31986 0.864184 -0.403833
868 1.33 0.0471 0.31878 0.864436 -0.401352
869 1.33 0.0471 0.3177 0.864688 -0.398871
870 1.33 0.0475 0.31662 0.86494 -0.39639
871 1.33 0.0483 0.31544 0.865197 -0.394179
872 1.33 0.0487 0.31426 0.865454 -0.391968
873 1.33 0.0489 0.31308 0.865711 -0.389757
874 1.33 0.0496 0.3119 0.865968 -0.387546
875 1.33 0.0501 0.31072 0.866225 -0.385335
876 1.33 0.0505 0.30954 0.866482 -0.383124
877 1.33 0.0512 0.30836 0.866739 -0.380913
878 1.33 0.0515 0.30718 0.866996 -0.378702
879 1.33 0.052 0.306 0.867253 -0.376491
880 1.33 0.053 0.30482 0.86751 -0.37428
881 1.33 0.0535 0.303603 0.867776 -0.372341
882 1.33 0.0539 0.302386 0.868042 -0.370402
883 1.33 0.0547 0.301169 0.868308 -0.368463
884 1.33 0.0553 0.299952 0.868574 -0.366524
885 1.33 0.0557 0.298735 0.86884 -0.364585
886 1.33 0.056 0.297518 0.869106 -0.362646
887 1.33 0.0565 0.296301 0.869372 -0.360707
888 1.33 0.0575 0.295084 0.869638 -0.358768
889 1.33 0.0579 0.293867 0.869904 -0.356829
890 1.33 0.0583 0.29265 0.87017 -0.35489
891 1.33 0.0592 0.291381 0.870449 -0.353211
892 1.33 0.0598 0.290112 0.870728 -0.351532
893 1.33 0.0601 0.288843 0.871007 -0.349853
894 1.33 0.0604 0.287574 0.871286 -0.348174
895 1.33 0.0609 0.286305 0.871565 -0.346495
896 1.33 0.0619 0.285036 0.871844 -0.344816
897 1.33 0.0623 0.283767 0.872123 -0.343137
898 1.33 0.0627 0.282498 0.872402 -0.341458
899 1.33 0.0636 0.281229 0.872681 -0.339779
900 1.33 0.0641 0.27996 0.87296 -0.3381
901 1.33 0.0646 0.278647 0.873248 -0.336658
902 1.33 0.0656 0.277334 0.873536 -0.335216
903 1.33 0.0664 0.276021 0.873824 -0.333774
904 1.33 0.0667 0.274708 0.874112 -0.332332
905 1.33 0.067 0.273395 0.8744 -0.33089
906 1.33 0.0677 0.272082 0.874688 -0.329448
907 1.33 0.069 0.270769 0.874976 -0.328006
908 1.33 0.0699 0.269456 0.875264 -0.326564
909 1.33 0.0704 0.268143 0.875552 -0.325122
910 1.33 0.0709 0.26683 0.87584 -0.32368
911 1.33 0.0719 0.265377 0.876139 -0.322616
912 1.33 0.0736 0.263924 0.876438 -0.321552
913 1.33 0.0749 0.262471 0.876737 -0.320488
914 1.33 0.0756 0.261018 0.877036 -0.319424
915 1.33 0.0763 0.259565 0.877335 -0.31836
916 1.33 0.0779 0.258112 0.877634 -0.317296
917 1.33 0.0809 0.256659 0.877933 -0.316232
918 1.33 0.0829 0.255206 0.878232 -0.315168
919 1.33 0.0841 0.253753 0.878531 -0.314104
920 1.33 0.0853 0.2523 0.87883 -0.31304
921 1.33 0.088 0.250791 0.879142 -0.31221
922 1.33 0.0927 0.249282 0.879454 -0.31138
923 1.33 0.0958 0.247773 0.879766 -0.31055
924 1.33 0.0982 0.246264 0.880078 -0.30972
925 1.33 0.101 0.244755 0.88039 -0.30889
926 1.33 0.104 0.243246 0.880702 -0.30806
927 1.33 0.107 0.241737 0.881014 -0.30723
928 1.33 0.111 0.240228 0.881326 -0.3064
929 1.33 0.119 0.238719 0.881638 -0.30557
930 1.33 0.125 0.23721 0.88195 -0.30474
931 1.33 0.128 0.235713 0.88226 -0.303989
932 1.33 0.133 0.234216 0.88257 -0.303238
933 1.33 0.137 0.232719 0.88288 -0.302487
934 1.33 0.141 0.231222 0.88319 -0.301736
935 1.33 0.147 0.229725 0.8835 -0.300985
936 1.33 0.156 0.228228 0.88381 -0.300234
937 1.33 0.164 0.226731 0.88412 -0.299483
938 1.33 0.169 0.225234 0.88443 -0.298732
939 1.33 0.173 0.223737 0.88474 -0.297981
940 1.33 0.182 0.22224 0.88505 -0.29723
941 1.33 0.196 0.220732 0.885356 -0.296519
942 1.33 0.205 0.219224 0.885662 -0.295808
943 1.33 0.211 0.217716 0.885968 -0.295097
944 1.33 0.219 0.216208 0.886274 -0.294386
945 1.33 0.229 0.2147 0.88658 -0.293675
946 1.33 0.239 0.213192 0.886886 -0.292964
947 1.33 0.247 0.211684 0.887192 -0.292253
948 1.33 0.254 0.210176 0.887498 -0.291542
949 1.33 0.27 0.208668 0.887804 -0.290831
950 1.33 0.298 0.20716 0.88811 -0.29012
951 1.33 0.315 0.205573 0.888412 -0.289675
952 1.33 0.327 0.203986 0.888714 -0.28923
953 1.33 0.344 0.202399 0.889016 -0.288785
954 1.33 0.362 0.200812 0.889318 -0.28834
955 1.33 0.379 0.199225 0.88962 -0.287895
956 1.33 0.393 0.197638 0.889922 -0.28745
957 1.33 0.407 0.196051 0.890224 -0.287005
958 1.33 0.418 0.194464 0.890526 -0.28656
959 1.33 0.427 0.192877 0.890828 -0.286115
960 1.33 0.439 0.19129 0.89113 -0.28567
961 1.33 0.454 0.189708 0.891444 -0.28529
962 1.33 0.461 0.188126 0.891758 -0.28491
963 1.33 0.463 0.186544 0.892072 -0.28453
964 1.33 0.466 0.184962 0.892386 -0.28415
965 1.33 0.47 0.18338 0.8927 -0.28377
966 1.33 0.473 0.181798 0.893014 -0.28339
967 1.33 0.476 0.180216 0.893328 -0.28301
968 1.33 0.477 0.178634 0.893642 -0.28263
969 1.33 0.479 0.177052 0.893956 -0.28225
970 1.33 0.48 0.17547 0.89427 -0.28187
971 1.33 0.481 0.174164 0.894555 -0.28099
972 1.33 0.483 0.172858 0.89484 -0.28011
973 1.33 0.484 0.171552 0.895125 -0.27923
974 1.33 0.486 0.170246 0.89541 -0.27835
975 1.33 0.487 0.16894 0.895695 -0.27747
976 1.33 0.487 0.167634 0.89598 -0.27659
977 1.33 0.486 0.166328 0.896265 -0.27571
978 1.33 0.486 0.165022 0.89655 -0.27483
979 1.33 0.484 0.163716 0.896835 -0.27395
980 1.33 0.482 0.16241 0.89712 -0.27307
981 1.33 0.48 0.160745 0.897431 -0.273312
982 1.33 0.479 0.15908 0.897742 -0.273554
983 1.33 0.476 0.157415 0.898053 -0.273796
984 1.33 0.474 0.15575 0.898364 -0.274038
985 1.33 0.471 0.154085 0.898675 -0.27428
986 1.33 0.468 0.15242 0.898986 -0.274522
987 1.33 0.464 0.150755 0.899297 -0.274764
988 1.33 0.46 0.14909 0.899608 -0.275006
989 1.33 0.457 0.147425 0.899919 -0.275248
990 1.33 0.453 0.14576 0.90023 -0.27549
991 1.33 0.448 0.144053 0.900534 -0.275736
992 1.33 0.443 0.142346 0.900838 -0.275982
993 1.33 0.44 0.140639 0.901142 -0.276228
994 1.33 0.436 0.138932 0.901446 -0.276474
995 1.33 0.432 0.137225 0.90175 -0.27672
996 1.33 0.427 0.135518 0.902054 -0.276966
997 1.33 0.422 0.133811 0.902358 -0.277212
998 1.33 0.417 0.132104 0.902662 -0.277458
999 1.33 0.412 0.130397 0.902966 -0.277704
1000 1.33 0.407 0.12869 0.90327 -0.27795
1001 1.33 0.402 0.126927 0.903566 -0.27835
1002 1.33 0.396 0.125164 0.903862 -0.27875
1003 1.33 0.392 0.123401 0.904158 -0.27915
1004 1.33 0.387 0.121638 0.904454 -0.27955
1005 1.33 0.382 0.119875 0.90475 -0.27995
1006 1.33 0.376 0.118112 0.905046 -0.28035
1007 1.33 0.37 0.116349 0.905342 -0.28075
1008 1.33 0.364 0.114586 0.905638 -0.28115
1009 1.33 0.358 0.112823 0.905934 -0.28155
1010 1.33 0.352 0.11106 0.90623 -0.28195
1011 1.33 0.346 0.109291 0.90652 -0.282394
1012 1.33 0.34 0.107522 0.90681 -0.282838
1013 1.33 0.335 0.105753 0.9071 -0.283282
1014 1.33 0.33 0.103984 0.90739 -0.283726
1015 1.33 0.324 0.102215 0.90768 -0.28417
1016 1.33 0.319 0.100446 0.90797 -0.284614
1017 1.33 0.314 0.098677 0.90826 -0.285058
1018 1.33 0.309 0.096908 0.90855 -0.285502
1019 1.33 0.302 0.095139 0.90884 -0.285946
1020 1.33 0.296 0.09337 0.90913 -0.28639
1021 1.33 0.29 0.091644 0.909412 -0.286881
1022 1.33 0.284 0.089918 0.909694 -0.287372
1023 1.33 0.278 0.088192 0.909976 -0.287863
1024 1.33 0.272 0.086466 0.910258 -0.288354
1025 1.33 0.267 0.08474 0.91054 -0.288845
1026 1.33 0.262 0.083014 0.910822 -0.289336
1027 1.33 0.257 0.081288 0.911104 -0.289827
1028 1.33 0.251 0.079562 0.911386 -0.290318
1029 1.33 0.244 0.077836 0.911668 -0.290809
1030 1.33 0.239 0.07611 0.91195 -0.2913
1031 1.33 0.236 0.074431 0.912224 -0.291799
1032 1.33 0.233 0.072752 0.912498 -0.292298
1033 1.33 0.23 0.071073 0.912772 -0.292797
1034 1.33 0.225 0.069394 0.913046 -0.293296
1035 1.33 0.22 0.067715 0.91332 -0.293795
1036 1.33 0.215 0.066036 0.913594 -0.294294
1037 1.33 0.211 0.064357 0.913868 -0.294793
1038 1.33 0.206 0.062678 0.914142 -0.295292
1039 1.33 0.202 0.060999 0.914416 -0.295791
1040 1.33 0.198 0.05932 0.91469 -0.29629
1041 1.33 0.194 0.05773 0.914955 -0.296793
1042 1.33 0.19 0.05614 0.91522 -0.297296
1043 1.33 0.187 0.05455 0.915485 -0.297799
1044 1.33 0.184 0.05296 0.91575 -0.298302
1045 1.33 0.182 0.05137 0.916015 -0.298805
1046 1.33 0.179 0.04978 0.91628 -0.299308
1047 1.33 0.175 0.04819 0.916545 -0.299811
1048 1.33 0.172 0.0466 0.91681 -0.300314
1049 1.33 0.169 0.04501 0.917075 -0.300817
1050 1.33 0.166 0.04342 0.91734 -0.30132
1051 1.33 0.164 0.04182 0.917599 -0.301925
1052 1.33 0.161 0.04022 0.917858 -0.30253
1053 1.33 0.159 0.03862 0.918117 -0.303135
1054 1.33 0.156 0.03702 0.918376 -0.30374
1055 1.33 0.155 0.03542 0.918635 -0.304345
1056 1.33 0.153 0.03382 0.918894 -0.30495
1057 1.33 0.152 0.03222 0.919153 -0.305555
1058 1.33 0.151 0.03062 0.919412 -0.30616
1059 1.33 0.15 0.02902 0.919671 -0.306765
1060 1.33 0.148 0.02742 0.91993 -0.30737
1061 1.33 0.146 0.025767 0.920196 -0.308085
1062 1.33 0.145 0.024114 0.920462 -0.3088
1063 1.33 0.144 0.022461 0.920728 -0.309515
1064 1.33 0.144 0.020808 0.920994 -0.31023
1065 1.33 0.143 0.019155 0.92126 -0.310945
1066 1.33 0.143 0.017502 0.921526 -0.31166
1067 1.33 0.142 0.015849 0.921792 -0.312375
1068 1.33 0.141 0.014196 0.922058 -0.31309
1069 1.33 0.141 0.012543 0.922324 -0.313805
1070 1.33 0.141 0.01089 0.92259 -0.31452
1071 1.33 0.141 0.009243 0.922853 -0.315355
1072 1.33 0.141 0.007596 0.923116 -0.31619
1073 1.33 0.141 0.005949 0.923379 -0.317025
1074 1.33 0.141 0.004302 0.923642 -0.31786
1075 1.33 0.141 0.002655 0.923905 -0.318695
1076 1.33 0.143 0.001008 0.924168 -0.31953
1077 1.33 0.144 -0.000638999999999999 0.924431 -0.320365
1078 1.33 0.144 -0.002286 0.924694 -0.3212
1079 1.33 0.144 -0.003933 0.924957 -0.322035
1080 1.33 0.144 -0.00558 0.92522 -0.32287
1081 1.33 0.146 -0.007271 0.925482 -0.323808
1082 1.33 0.148 -0.008962 0.925744 -0.324746
1083 1.33 0.15 -0.010653 0.926006 -0.325684
1084 1.33 0.152 -0.012344 0.926268 -0.326622
1085 1.33 0.153 -0.014035 0.92653 -0.32756
1086 1.33 0.155 -0.015726 0.926792 -0.328498
1087 1.33 0.156 -0.017417 0.927054 -0.329436
1088 1.33 0.158 -0.019108 0.927316 -0.330374
1089 1.33 0.16 -0.020799 0.927578 -0.331312
1090 1.33 0.163 -0.02249 0.92784 -0.33225
1091 1.33 0.166 -0.024057 0.928109 -0.333239
1092 1.33 0.168 -0.025624 0.928378 -0.334228
1093 1.33 0.169 -0.027191 0.928647 -0.335217
1094 1.33 0.171 -0.028758 0.928916 -0.336206
1095 1.33 0.174 -0.030325 0.929185 -0.337195
1096 1.33 0.178 -0.031892 0.929454 -0.338184
1097 1.33 0.182 -0.033459 0.929723 -0.339173
1098 1.33 0.187 -0.035026 0.929992 -0.340162
1099 1.33 0.189 -0.036593 0.930261 -0.341151
1100 1.33 0.191 -0.03816 0.93053 -0.34214
1101 1.33 0.193 -0.039817 0.930774 -0.343193
1102 1.33 0.197 -0.041474 0.931018 -0.344246
1103 1.33 0.201 -0.043131 0.931262 -0.345299
1104 1.33 0.203 -0.044788 0.931506 -0.346352
1105 1.33 0.205 -0.046445 0.93175 -0.347405
1106 1.33 0.208 -0.048102 0.931994 -0.348458
1107 1.33 0.212 -0.049759 0.932238 -0.349511
1108 1.33 0.217 -0.051416 0.932482 -0.350564
1109 1.33 0.22 -0.053073 0.932726 -0.351617
1110 1.33 0.222 -0.05473 0.93297 -0.35267
1111 1.33 0.225 -0.056391 0.933233 -0.353788
1112 1.33 0.23 -0.058052 0.933496 -0.354906
1113 1.33 0.234 -0.059713 0.933759 -0.356024
1114 1.33 0.235 -0.061374 0.934022 -0.357142
1115 1.33 0.234 -0.063035 0.934285 -0.35826
1116 1.33 0.235 -0.064696 0.934548 -0.359378
1117 1.33 0.24 -0.066357 0.934811 -0.360496
1118 1.33 0.245 -0.068018 0.935074 -0.361614
1119 1.33 0.249 -0.069679 0.935337 -0.362732
1120 1.33 0.253 -0.07134 0.9356 -0.36385
1121 1.33 0.258 -0.07298 0.935866 -0.364948
1122 1.33 0.265 -0.07462 0.936132 -0.366046
1123 1.33 0.272 -0.07626 0.936398 -0.367144
1124 1.33 0.277 -0.0779 0.936664 -0.368242
1125 1.33 0.281 -0.07954 0.93693 -0.36934
1126 1.33 0.289 -0.08118 0.937196 -0.370438
1127 1.33 0.302 -0.08282 0.937462 -0.371536
1128 1.33 0.316 -0.08446 0.937728 -0.372634
1129 1.33 0.327 -0.0861 0.937994 -0.373732
1130 1.33 0.338 -0.08774 0.93826 -0.37483
1131 1.33 0.353 -0.089327 0.938497 -0.375851
1132 1.33 0.377 -0.090914 0.938734 -0.376872
1133 1.33 0.404 -0.092501 0.938971 -0.377893
1134 1.33 0.428 -0.094088 0.939208 -0.378914
1135 1.33 0.45 -0.095675 0.939445 -0.379935
1136 1.33 0.471 -0.097262 0.939682 -0.380956
1137 1.33 0.493 -0.098849 0.939919 -0.381977
1138 1.33 0.52 -0.100436 0.940156 -0.382998
1139 1.33 0.557 -0.102023 0.940393 -0.384019
1140 1.33 0.605 -0.10361 0.94063 -0.38504
1141 1.33 0.652 -0.105055 0.940849 -0.385819
1142 1.33 0.686 -0.1065 0.941068 -0.386598
1143 1.33 0.716 -0.107945 0.941287 -0.387377
1144 1.33 0.754 -0.10939 0.941506 -0.388156
1145 1.33 0.806 -0.110835 0.941725 -0.388935
1146 1.33 0.86 -0.11228 0.941944 -0.389714
1147 1.33 0.898 -0.113725 0.942163 -0.390493
1148 1.33 0.925 -0.11517 0.942382 -0.391272
1149 1.33 0.949 -0.116615 0.942601 -0.392051
1150 1.33 0.977 -0.11806 0.94282 -0.39283
1151 1.33 1.01 -0.119401 0.943034 -0.393584
1152 1.33 1.04 -0.120742 0.943248 -0.394338
1153 1.33 1.07 -0.122083 0.943462 -0.395092
1154 1.33 1.1 -0.123424 0.943676 -0.395846
1155 1.33 1.12 -0.124765 0.94389 -0.3966
1156 1.33 1.13 -0.126106 0.944104 -0.397354
1157 1.33 1.14 -0.127447 0.944318 -0.398108
1158 1.33 1.15 -0.128788 0.944532 -0.398862
1159 1.33 1.16 -0.130129 0.944746 -0.399616
1160 1.33 1.17 -0.13147 0.94496 -0.40037
1161 1.33 1.18 -0.132839 0.945187 -0.401342
1162 1.33 1.19 -0.134208 0.945414 -0.402314
1163 1.33 1.19 -0.135577 0.945641 -0.403286
1164 1.33 1.2 -0.136946 0.945868 -0.404258
1165 1.33 1.2 -0.138315 0.946095 -0.40523
1166 1.33 1.2 -0.139684 0.946322 -0.406202
1167 1.33 1.2 -0.141053 0.946549 -0.407174
1168 1.33 1.21 -0.142422 0.946776 -0.408146
1169 1.33 1.21 -0.143791 0.947003 -0.409118
1170 1.33 1.21 -0.14516 0.94723 -0.41009
1171 1.33 1.21 -0.146505 0.947459 -0.411047
1172 1.33 1.22 -0.14785 0.947688 -0.412004
1173 1.33 1.23 -0.149195 0.947917 -0.412961
1174 1.33 1.23 -0.15054 0.948146 -0.413918
1175 1.33 1.23 -0.151885 0.948375 -0.414875
1176 1.33 1.23 -0.15323 0.948604 -0.415832
1177 1.33 1.23 -0.154575 0.948833 -0.416789
1178 1.33 1.23 -0.15592 0.949062 -0.417746
1179 1.33 1.24 -0.157265 0.949291 -0.418703
1180 1.33 1.24 -0.15861 0.94952 -0.41966
1181 1.33 1.24 -0.159927 0.949741 -0.42054
1182 1.33 1.24 -0.161244 0.949962 -0.42142
1183 1.33 1.25 -0.162561 0.950183 -0.4223
1184 1.33 1.25 -0.163878 0.950404 -0.42318
1185 1.33 1.26 -0.165195 0.950625 -0.42406
1186 1.33 1.26 -0.166512 0.950846 -0.42494
1187 1.33 1.26 -0.167829 0.951067 -0.42582
1188 1.33 1.26 -0.169146 0.951288 -0.4267
1189 1.33 1.27 -0.170463 0.951509 -0.42758
1190 1.33 1.27 -0.17178 0.95173 -0.42846
1191 1.33 1.27 -0.173096 0.951942 -0.429291
1192 1.33 1.27 -0.174412 0.952154 -0.430122
1193 1.33 1.28 -0.175728 0.952366 -0.430953
1194 1.32 1.28 -0.177044 0.952578 -0.431784
1195 1.32 1.28 -0.17836 0.95279 -0.432615
1196 1.32 1.28 -0.179676 0.953002 -0.433446
1197 1.32 1.28 -0.180992 0.953214 -0.434277
1198 1.32 1.28 -0.182308 0.953426 -0.435108
1199 1.32 1.28 -0.183624 0.953638 -0.435939
1200 1.32 1.27 -0.18494 0.95385 -0.43677
1201 1.32 1.27 -0.186199 0.954055 -0.437491
1202 1.32 1.27 -0.187458 0.95426 -0.438212
1203 1.33 1.27 -0.188717 0.954465 -0.438933
1204 1.33 1.27 -0.189976 0.95467 -0.439654
1205 1.33 1.27 -0.191235 0.954875 -0.440375
1206 1.33 1.27 -0.192494 0.95508 -0.441096
1207 1.33 1.26 -0.193753 0.955285 -0.441817
1208 1.33 1.26 -0.195012 0.95549 -0.442538
1209 1.33 1.26 -0.196271 0.955695 -0.443259
1210 1.33 1.26 -0.19753 0.9559 -0.44398
1211 1.33 1.25 -0.198701 0.956098 -0.44449
1212 1.33 1.25 -0.199872 0.956296 -0.445
1213 1.33 1.24 -0.201043 0.956494 -0.44551
1214 1.33 1.24 -0.202214 0.956692 -0.44602
1215 1.33 1.24 -0.203385 0.95689 -0.44653
1216 1.33 1.24 -0.204556 0.957088 -0.44704
1217 1.33 1.23 -0.205727 0.957286 -0.44755
1218 1.33 1.22 -0.206898 0.957484 -0.44806
1219 1.33 1.22 -0.208069 0.957682 -0.44857
1220 1.33 1.21 -0.20924 0.95788 -0.44908
1221 1.33 1.21 -0.210241 0.958068 -0.449213
1222 1.33 1.21 -0.211242 0.958256 -0.449346
1223 1.33 1.21 -0.212243 0.958444 -0.449479
1224 1.33 1.21 -0.213244 0.958632 -0.449612
1225 1.33 1.2 -0.214245 0.95882 -0.449745
1226 1.33 1.2 -0.215246 0.959008 -0.449878
1227 1.33 1.2 -0.216247 0.959196 -0.450011
1228 1.33 1.2 -0.217248 0.959384 -0.450144
1229 1.33 1.19 -0.218249 0.959572 -0.450277
1230 1.33 1.19 -0.21925 0.95976 -0.45041
1231 1.33 1.18 -0.220151 0.959938 -0.4504
1232 1.33 1.18 -0.221052 0.960116 -0.45039
1233 1.33 1.18 -0.221953 0.960294 -0.45038
1234 1.33 1.17 -0.222854 0.960472 -0.45037
1235 1.33 1.17 -0.223755 0.96065 -0.45036
1236 1.33 1.16 -0.224656 0.960828 -0.45035
1237 1.33 1.16 -0.225557 0.961006 -0.45034
1238 1.33 1.16 -0.226458 0.961184 -0.45033
1239 1.33 1.16 -0.227359 0.961362 -0.45032
1240 1.33 1.16 -0.22826 0.96154 -0.45031
1241 1.33 1.15 -0.229222 0.96172 -0.450564
1242 1.33 1.15 -0.230184 0.9619 -0.450818
1243 1.33 1.14 -0.231146 0.96208 -0.451072
1244 1.33 1.14 -0.232108 0.96226 -0.451326
1245 1.33 1.13 -0.23307 0.96244 -0.45158
1246 1.33 1.13 -0.234032 0.96262 -0.451834
1247 1.33 1.13 -0.234994 0.9628 -0.452088
1248 1.33 1.12 -0.235956 0.96298 -0.452342
1249 1.33 1.12 -0.236918 0.96316 -0.452596
1250 1.32 1.12 -0.23788 0.96334 -0.45285
1251 1.32 1.11 -0.238807 0.963515 -0.453086
1252 1.32 1.11 -0.239734 0.96369 -0.453322
1253 1.32 1.1 -0.240661 0.963865 -0.453558
1254 1.32 1.1 -0.241588 0.96404 -0.453794
1255 1.32 1.1 -0.242515 0.964215 -0.45403
1256 1.32 1.1 -0.243442 0.96439 -0.454266
1257 1.32 1.1 -0.244369 0.964565 -0.454502
1258 1.32 1.1 -0.245296 0.96474 -0.454738
1259 1.32 1.1 -0.246223 0.964915 -0.454974
1260 1.32 1.09 -0.24715 0.96509 -0.45521
1261 1.32 1.09 -0.248012 0.965255 -0.455262
1262 1.32 1.09 -0.248874 0.96542 -0.455314
1263 1.32 1.08 -0.249736 0.965585 -0.455366
1264 1.32 1.08 -0.250598 0.96575 -0.455418
1265 1.32 1.08 -0.25146 0.965915 -0.45547
1266 1.32 1.08 -0.252322 0.96608 -0.455522
1267 1.32 1.08 -0.253184 0.966245 -0.455574
1268 1.32 1.08 -0.254046 0.96641 -0.455626
1269 1.32 1.08 -0.254908 0.966575 -0.455678
1270 1.32 1.08 -0.25577 0.96674 -0.45573
1271 1.32 1.08 -0.256471 0.966888 -0.455379
1272 1.32 1.09 -0.257172 0.967036 -0.455028
1273 1.32 1.09 -0.257873 0.967184 -0.454677
1274 1.32 1.1 -0.258574 0.967332 -0.454326
1275 1.32 1.1 -0.259275 0.96748 -0.453975
1276 1.32 1.11 -0.259976 0.967628 -0.453624
1277 1.32 1.11 -0.260677 0.967776 -0.453273
1278 1.32 1.11 -0.261378 0.967924 -0.452922
1279 1.32 1.12 -0.262079 0.968072 -0.452571
1280 1.32 1.12 -0.26278 0.96822 -0.45222
1281 1.32 1.13 -0.263236 0.968343 -0.451221
1282 1.32 1.14 -0.263692 0.968466 -0.450222
1283 1.32 1.15 -0.264148 0.968589 -0.449223
1284 1.32 1.16 -0.264604 0.968712 -0.448224
1285 1.32 1.16 -0.26506 0.968835 -0.447225
1286 1.32 1.17 -0.265516 0.968958 -0.446226
1287 1.32 1.18 -0.265972 0.969081 -0.445227
1288 1.32 1.18 -0.266428 0.969204 -0.444228
1289 1.32 1.19 -0.266884 0.969327 -0.443229
1290 1.32 1.2 -0.26734 0.96945 -0.44223
1291 1.32 1.21 -0.267648 0.969562 -0.440877
1292 1.32 1.22 -0.267956 0.969674 -0.439524
1293 1.32 1.23 -0.268264 0.969786 -0.438171
1294 1.32 1.24 -0.268572 0.969898 -0.436818
1295 1.32 1.25 -0.26888 0.97001 -0.435465
1296 1.32 1.27 -0.269188 0.970122 -0.434112
1297 1.32 1.28 -0.269496 0.970234 -0.432759
1298 1.32 1.3 -0.269804 0.970346 -0.431406
1299 1.32 1.31 -0.270112 0.970458 -0.430053
1300 1.32 1.32 -0.27042 0.97057 -0.4287
1301 1.32 1.34 -0.270704 0.970675 -0.427315
1302 1.32 1.35 -0.270988 0.97078 -0.42593
1303 1.32 1.37 -0.271272 0.970885 -0.424545
1304 1.32 1.39 -0.271556 0.97099 -0.42316
1305 1.32 1.42 -0.27184 0.971095 -0.421775
1306 1.32 1.44 -0.272124 0.9712 -0.42039
1307 1.32 1.47 -0.272408 0.971305 -0.419005
1308 1.32 1.49 -0.272692 0.97141 -0.41762
1309 1.32 1.51 -0.272976 0.971515 -0.416235
1310 1.32 1.53 -0.27326 0.97162 -0.41485
1311 1.32 1.56 -0.273634 0.971722 -0.413749
1312 1.32 1.58 -0.274008 0.971824 -0.412648
1313 1.32 1.61 -0.274382 0.971926 -0.411547
1314 1.32 1.64 -0.274756 0.972028 -0.410446
1315 1.32 1.67 -0.27513 0.97213 -0.409345
1316 1.32 1.7 -0.275504 0.972232 -0.408244
1317 1.32 1.73 -0.275878 0.972334 -0.407143
1318 1.32 1.76 -0.276252 0.972436 -0.406042
1319 1.32 1.79 -0.276626 0.972538 -0.404941
1320 1.32 1.83 -0.277 0.97264 -0.40384
1321 1.32 1.87 -0.277311 0.972727 -0.402591
1322 1.32 1.91 -0.277622 0.972814 -0.401342
1323 1.32 1.94 -0.277933 0.972901 -0.400093
1324 1.32 1.97 -0.278244 0.972988 -0.398844
1325 1.32 2.01 -0.278555 0.973075 -0.397595
1326 1.32 2.05 -0.278866 0.973162 -0.396346
1327 1.32 2.1 -0.279177 0.973249 -0.395097
1328 1.32 2.15 -0.279488 0.973336 -0.393848
1329 1.32 2.2 -0.279799 0.973423 -0.392599
1330 1.32 2.24 -0.28011 0.97351 -0.39135
1331 1.32 2.28 -0.280381 0.973594 -0.390078
1332 1.32 2.31 -0.280652 0.973678 -0.388806
1333 1.32 2.36 -0.280923 0.973762 -0.387534
1334 1.32 2.42 -0.281194 0.973846 -0.386262
1335 1.32 2.48 -0.281465 0.97393 -0.38499
1336 1.32 2.54 -0.281736 0.974014 -0.383718
1337 1.32 2.59 -0.282007 0.974098 -0.382446
1338 1.32 2.63 -0.282278 0.974182 -0.381174
1339 1.32 2.67 -0.282549 0.974266 -0.379902
1340 1.32 2.7 -0.28282 0.97435 -0.37863
1341 1.32 2.74 -0.282605 0.974452 -0.376184
1342 1.32 2.78 -0.28239 0.974554 -0.373738
1343 1.32 2.83 -0.282175 0.974656 -0.371292
1344 1.32 2.89 -0.28196 0.974758 -0.368846
1345 1.32 2.96 -0.281745 0.97486 -0.3664
1346 1.32 3.03 -0.28153 0.974962 -0.363954
1347 1.32 3.1 -0.281315 0.975064 -0.361508
1348 1.32 3.15 -0.2811 0.975166 -0.359062
1349 1.32 3.18 -0.280885 0.975268 -0.356616
1350 1.32 3.23 -0.28067 0.97537 -0.35417
1351 1.32 3.27 -0.279863 0.97548 -0.350253
1352 1.32 3.32 -0.279056 0.97559 -0.346336
1353 1.32 3.36 -0.278249 0.9757 -0.342419
1354 1.32 3.41 -0.277442 0.97581 -0.338502
1355 1.32 3.45 -0.276635 0.97592 -0.334585
1356 1.32 3.5 -0.275828 0.97603 -0.330668
1357 1.32 3.54 -0.275021 0.97614 -0.326751
1358 1.32 3.6 -0.274214 0.97625 -0.322834
1359 1.32 3.65 -0.273407 0.97636 -0.318917
1360 1.32 3.7 -0.2726 0.97647 -0.315
1361 1.32 3.75 -0.271625 0.976403 -0.31062
1362 1.32 3.8 -0.27065 0.976336 -0.30624
1363 1.32 3.87 -0.269675 0.976269 -0.30186
1364 1.32 3.93 -0.2687 0.976202 -0.29748
1365 1.32 3.99 -0.267725 0.976135 -0.2931
1366 1.32 4.06 -0.26675 0.976068 -0.28872
1367 1.32 4.13 -0.265775 0.976001 -0.28434
1368 1.32 4.22 -0.2648 0.975934 -0.27996
1369 1.32 4.3 -0.263825 0.975867 -0.27558
1370 1.32 4.39 -0.26285 0.9758 -0.2712
1371 1.32 4.5 -0.259141 0.975519 -0.259949
1372 1.32 4.63 -0.255432 0.975238 -0.248698
1373 1.32 4.74 -0.251723 0.974957 -0.237447
1374 1.32 4.9 -0.248014 0.974676 -0.226196
1375 1.32 5.09 -0.244305 0.974395 -0.214945
1376 1.32 5.26 -0.240596 0.974114 -0.203694
1377 1.32 5.48 -0.236887 0.973833 -0.192443
1378 1.32 5.72 -0.233178 0.973552 -0.181192
1379 1.32 6.01 -0.229469 0.973271 -0.169941
1380 1.32 6.24 -0.22576 0.97299 -0.15869
1381 1.32 6.58 -0.220917 0.972411 -0.144295
1382 1.32 6.93 -0.216074 0.971832 -0.1299
1383 1.32 7.31 -0.211231 0.971253 -0.115505
1384 1.32 7.63 -0.206388 0.970674 -0.10111
1385 1.32 8.09 -0.201545 0.970095 -0.086715
1386 1.32 8.55 -0.196702 0.969516 -0.07232
1387 1.32 9.03 -0.191859 0.968937 -0.057925
1388 1.32 9.59 -0.187016 0.968358 -0.04353
1389 1.32 10 -0.182173 0.967779 -0.029135
1390 1.32 10.6 -0.17733 0.9672 -0.01474
1391 1.32 11.2 -0.174628 0.966545 -0.006278
1392 1.32 11.8 -0.171926 0.96589 0.002184
1393 1.32 12.5 -0.169224 0.965235 0.010646
1394 1.32 13.2 -0.166522 0.96458 0.019108
1395 1.32 13.7 -0.16382 0.963925 0.02757
1396 1.32 14.3 -0.161118 0.96327 0.036032
1397 1.32 15.1 -0.158416 0.962615 0.044494
1398 1.32 15.8 -0.155714 0.96196 0.052956
1399 1.32 16.5 -0.153012 0.961305 0.061418
1400 1.32 17.1 -0.15031 0.96065 0.06988
1401 1.32 17.8 -0.146073 0.959934 0.080299
1402 1.32 18.5 -0.141836 0.959218 0.090718
1403 1.32 19.2 -0.137599 0.958502 0.101137
1404 1.32 19.8 -0.133362 0.957786 0.111556
1405 1.32 20.3 -0.129125 0.95707 0.121975
1406 1.32 20.9 -0.124888 0.956354 0.132394
1407 1.32 21.5 -0.120651 0.955638 0.142813
1408 1.32 22 -0.116414 0.954922 0.153232
1409 1.32 22.6 -0.112177 0.954206 0.163651
1410 1.32 23.1 -0.10794 0.95349 0.17407
1411 1.32 23.6 -0.107366 0.953646 0.17349
1412 1.32 24.1 -0.106792 0.953802 0.17291
1413 1.32 24.5 -0.106218 0.953958 0.17233
1414 1.32 24.9 -0.105644 0.954114 0.17175
1415 1.32 25.3 -0.10507 0.95427 0.17117
1416 1.32 25.7 -0.104496 0.954426 0.17059
1417 1.32 26.1 -0.103922 0.954582 0.17001
1418 1.32 26.4 -0.103348 0.954738 0.16943
1419 1.32 26.7 -0.102774 0.954894 0.16885
1420 1.32 27 -0.1022 0.95505 0.16827
1421 1.32 27.3 -0.108277 0.955713 0.152341
1422 1.32 27.6 -0.114354 0.956376 0.136412
1423 1.32 27.8 -0.120431 0.957039 0.120483
1424 1.32 28.1 -0.126508 0.957702 0.104554
1425 1.32 28.4 -0.132585 0.958365 0.088625
1426 1.32 28.6 -0.138662 0.959028 0.072696
1427 1.32 28.8 -0.144739 0.959691 0.056767
1428 1.32 28.9 -0.150816 0.960354 0.040838
1429 1.32 29.1 -0.156893 0.961017 0.024909
1430 1.32 29.3 -0.16297 0.96168 0.00898
1431 1.32 29.4 -0.165586 0.96203 0.00325
1432 1.32 29.6 -0.168202 0.96238 -0.00248
1433 1.32 29.7 -0.170818 0.96273 -0.00821
1434 1.32 29.8 -0.173434 0.96308 -0.01394
1435 1.32 29.9 -0.17605 0.96343 -0.01967
1436 1.32 30 -0.178666 0.96378 -0.0254
1437 1.32 30.1 -0.181282 0.96413 -0.03113
1438 1.32 30.2 -0.183898 0.96448 -0.03686
1439 1.32 30.3 -0.186514 0.96483 -0.04259
1440 1.32 30.4 -0.18913 0.96518 -0.04832
1441 1.32 30.4 -0.190611 0.965406 -0.050852
1442 1.32 30.5 -0.192092 0.965632 -0.053384
1443 1.32 30.5 -0.193573 0.965858 -0.055916
1444 1.32 30.5 -0.195054 0.966084 -0.058448
1445 1.32 30.5 -0.196535 0.96631 -0.06098
1446 1.32 30.6 -0.198016 0.966536 -0.063512
1447 1.32 30.6 -0.199497 0.966762 -0.066044
1448 1.32 30.6 -0.200978 0.966988 -0.068576
1449 1.32 30.6 -0.202459 0.967214 -0.071108
1450 1.32 30.5 -0.20394 0.96744 -0.07364
1451 1.32 30.5 -0.205006 0.967611 -0.075372
1452 1.32 30.5 -0.206072 0.967782 -0.077104
1453 1.32 30.5 -0.207138 0.967953 -0.078836
1454 1.32 30.4 -0.208204 0.968124 -0.080568
1455 1.32 30.4 -0.20927 0.968295 -0.0823
1456 1.32 30.3 -0.210336 0.968466 -0.084032
1457 1.32 30.2 -0.211402 0.968637 -0.085764
1458 1.32 30.1 -0.212468 0.968808 -0.087496
1459 1.32 30.1 -0.213534 0.968979 -0.089228
1460 1.32 30 -0.2146 0.96915 -0.09096
1461 1.32 29.8 -0.21575 0.969342 -0.092805
1462 1.32 29.7 -0.2169 0.969534 -0.09465
1463 1.32 29.6 -0.21805 0.969726 -0.096495
1464 1.32 29.4 -0.2192 0.969918 -0.09834
1465 1.32 29.2 -0.22035 0.97011 -0.100185
1466 1.32 29 -0.2215 0.970302 -0.10203
1467 1.32 28.7 -0.22265 0.970494 -0.103875
1468 1.32 28.5 -0.2238 0.970686 -0.10572
1469 1.32 28.3 -0.22495 0.970878 -0.107565
1470 1.32 28 -0.2261 0.97107 -0.10941
1471 1.32 27.8 -0.227626 0.971304 -0.11187
1472 1.32 27.5 -0.229152 0.971538 -0.11433
1473 1.32 27.2 -0.230678 0.971772 -0.11679
1474 1.32 27 -0.232204 0.972006 -0.11925
1475 1.32 26.6 -0.23373 0.97224 -0.12171
1476 1.32 26.4 -0.235256 0.972474 -0.12417
1477 1.32 26.1 -0.236782 0.972708 -0.12663
1478 1.32 25.8 -0.238308 0.972942 -0.12909
1479 1.32 25.6 -0.239834 0.973176 -0.13155
1480 1.32 25.2 -0.24136 0.97341 -0.13401
1481 1.32 25 -0.242778 0.973635 -0.135995
1482 1.32 24.7 -0.244196 0.97386 -0.13798
1483 1.32 24.4 -0.245614 0.974085 -0.139965
1484 1.32 24.1 -0.247032 0.97431 -0.14195
1485 1.32 23.9 -0.24845 0.974535 -0.143935
1486 1.32 23.6 -0.249868 0.97476 -0.14592
1487 1.32 23.3 -0.251286 0.974985 -0.147905
1488 1.32 23.1 -0.252704 0.97521 -0.14989
1489 1.32 22.7 -0.254122 0.975435 -0.151875
1490 1.32 22.5 -0.25554 0.97566 -0.15386
1491 1.32 22.2 -0.256759 0.975875 -0.155554
1492 1.32 21.9 -0.257978 0.97609 -0.157248
1493 1.32 21.6 -0.259197 0.976305 -0.158942
1494 1.32 21.4 -0.260416 0.97652 -0.160636
1495 1.32 21.1 -0.261635 0.976735 -0.16233
1496 1.32 20.8 -0.262854 0.97695 -0.164024
1497 1.32 20.5 -0.264073 0.977165 -0.165718
1498 1.32 20.3 -0.265292 0.97738 -0.167412
1499 1.32 20 -0.266511 0.977595 -0.169106
1500 1.32 19.7 -0.26773 0.97781 -0.1708
1501 1.32 19.5 -0.268949 0.978012 -0.172453
1502 1.32 19.2 -0.270168 0.978214 -0.174106
1503 1.32 19 -0.271387 0.978416 -0.175759
1504 1.32 18.7 -0.272606 0.978618 -0.177412
1505 1.32 18.5 -0.273825 0.97882 -0.179065
1506 1.32 18.3 -0.275044 0.979022 -0.180718
1507 1.32 18 -0.276263 0.979224 -0.182371
1508 1.32 17.8 -0.277482 0.979426 -0.184024
1509 1.32 17.6 -0.278701 0.979628 -0.185677
1510 1.32 17.3 -0.27992 0.97983 -0.18733
1511 1.32 17.1 -0.28098 0.98001 -0.188495
1512 1.32 16.9 -0.28204 0.98019 -0.18966
1513 1.32 16.7 -0.2831 0.98037 -0.190825
1514 1.32 16.5 -0.28416 0.98055 -0.19199
1515 1.32 16.2 -0.28522 0.98073 -0.193155
1516 1.32 16.1 -0.28628 0.98091 -0.19432
1517 1.32 15.8 -0.28734 0.98109 -0.195485
1518 1.32 15.6 -0.2884 0.98127 -0.19665
1519 1.32 15.5 -0.28946 0.98145 -0.197815
1520 1.32 15.3 -0.29052 0.98163 -0.19898
1521 1.32 15 -0.291496 0.981791 -0.199947
1522 1.32 14.9 -0.292472 0.981952 -0.200914
1523 1.32 14.7 -0.293448 0.982113 -0.201881
1524 1.32 14.5 -0.294424 0.982274 -0.202848
1525 1.32 14.3 -0.2954 0.982435 -0.203815
1526 1.32 14.1 -0.296376 0.982596 -0.204782
1527 1.32 14 -0.297352 0.982757 -0.205749
1528 1.32 13.8 -0.298328 0.982918 -0.206716
1529 1.32 13.6 -0.299304 0.983079 -0.207683
1530 1.32 13.5 -0.30028 0.98324 -0.20865
1531 1.32 13.3 -0.301111 0.983381 -0.209358
1532 1.32 13.2 -0.301942 0.983522 -0.210066
1533 1.32 13 -0.302773 0.983663 -0.210774
1534 1.32 12.8 -0.303604 0.983804 -0.211482
1535 1.32 12.7 -0.304435 0.983945 -0.21219
1536 1.32 12.5 -0.305266 0.984086 -0.212898
1537 1.32 12.4 -0.306097 0.984227 -0.213606
1538 1.32 12.2 -0.306928 0.984368 -0.214314
1539 1.32 12.1 -0.307759 0.984509 -0.215022
1540 1.32 11.9 -0.30859 0.98465 -0.21573
1541 1.32 11.8 -0.309258 0.984781 -0.216324
1542 1.32 11.7 -0.309926 0.984912 -0.216918
1543 1.32 11.5 -0.310594 0.985043 -0.217512
1544 1.32 11.4 -0.311262 0.985174 -0.218106
1545 1.32 11.3 -0.31193 0.985305 -0.2187
1546 1.32 11.1 -0.312598 0.985436 -0.219294
1547 1.32 11 -0.313266 0.985567 -0.219888
1548 1.32 10.9 -0.313934 0.985698 -0.220482
1549 1.32 10.8 -0.314602 0.985829 -0.221076
1550 1.32 10.6 -0.31527 0.98596 -0.22167
1551 1.32 10.5 -0.315969 0.986083 -0.222376
1552 1.32 10.4 -0.316668 0.986206 -0.223082
1553 1.32 10.3 -0.317367 0.986329 -0.223788
1554 1.32 10.2 -0.318066 0.986452 -0.224494
1555 1.32 10.1 -0.318765 0.986575 -0.2252
1556 1.32 10 -0.319464 0.986698 -0.225906
1557 1.32 9.91 -0.320163 0.986821 -0.226612
1558 1.32 9.84 -0.320862 0.986944 -0.227318
1559 1.32 9.75 -0.321561 0.987067 -0.228024
1560 1.32 9.66 -0.32226 0.98719 -0.22873
1561 1.32 9.56 -0.322903 0.98731 -0.229312
1562 1.32 9.48 -0.323546 0.98743 -0.229894
1563 1.32 9.38 -0.324189 0.98755 -0.230476
1564 1.32 9.31 -0.324832 0.98767 -0.231058
1565 1.32 9.2 -0.325475 0.98779 -0.23164
1566 1.32 9.13 -0.326118 0.98791 -0.232222
1567 1.32 9.05 -0.326761 0.98803 -0.232804
1568 1.32 8.98 -0.327404 0.98815 -0.233386
1569 1.32 8.9 -0.328047 0.98827 -0.233968
1570 1.32 8.82 -0.32869 0.98839 -0.23455
1571 1.32 8.74 -0.329273 0.988505 -0.234914
1572 1.32 8.67 -0.329856 0.98862 -0.235278
1573 1.32 8.59 -0.330439 0.988735 -0.235642
1574 1.32 8.51 -0.331022 0.98885 -0.236006
1575 1.32 8.45 -0.331605 0.988965 -0.23637
1576 1.32 8.36 -0.332188 0.98908 -0.236734
1577 1.32 8.3 -0.332771 0.989195 -0.237098
1578 1.32 8.23 -0.333354 0.98931 -0.237462
1579 1.32 8.16 -0.333937 0.989425 -0.237826
1580 1.32 8.1 -0.33452 0.98954 -0.23819
1581 1.32 8.04 -0.335056 0.989648 -0.238404
1582 1.32 7.96 -0.335592 0.989756 -0.238618
1583 1.32 7.89 -0.336128 0.989864 -0.238832
1584 1.32 7.83 -0.336664 0.989972 -0.239046
1585 1.32 7.77 -0.3372 0.99008 -0.23926
1586 1.32 7.71 -0.337736 0.990188 -0.239474
1587 1.32 7.65 -0.338272 0.990296 -0.239688
1588 1.32 7.61 -0.338808 0.990404 -0.239902
1589 1.32 7.55 -0.339344 0.990512 -0.240116
1590 1.32 7.5 -0.33988 0.99062 -0.24033
1591 1.32 7.43 -0.340381 0.990723 -0.240462
1592 1.32 7.37 -0.340882 0.990826 -0.240594
1593 1.32 7.32 -0.341383 0.990929 -0.240726
1594 1.32 7.25 -0.341884 0.991032 -0.240858
1595 1.32 7.2 -0.342385 0.991135 -0.24099
1596 1.32 7.16 -0.342886 0.991238 -0.241122
1597 1.32 7.12 -0.343387 0.991341 -0.241254
1598 1.32 7.08 -0.343888 0.991444 -0.241386
1599 1.32 7.04 -0.344389 0.991547 -0.241518
1600 1.32 6.99 -0.34489 0.99165 -0.24165
1601 1.32 6.94 -0.345335 0.991744 -0.241667
1602 1.32 6.91 -0.34578 0.991838 -0.241684
1603 1.32 6.87 -0.346225 0.991932 -0.241701
1604 1.32 6.83 -0.34667 0.992026 -0.241718
1605 1.32 6.78 -0.347115 0.99212 -0.241735
1606 1.32 6.74 -0.34756 0.992214 -0.241752
1607 1.32 6.71 -0.348005 0.992308 -0.241769
1608 1.32 6.7 -0.34845 0.992402 -0.241786
1609 1.32 6.65 -0.348895 0.992496 -0.241803
1610 1.32 6.63 -0.34934 0.99259 -0.24182
1611 1.32 6.6 -0.349743 0.992678 -0.241749
1612 1.32 6.57 -0.350146 0.992766 -0.241678
1613 1.32 6.53 -0.350549 0.992854 -0.241607
1614 1.32 6.5 -0.350952 0.992942 -0.241536
1615 1.32 6.47 -0.351355 0.99303 -0.241465
1616 1.32 6.45 -0.351758 0.993118 -0.241394
1617 1.32 6.42 -0.352161 0.993206 -0.241323
1618 1.32 6.4 -0.352564 0.993294 -0.241252
1619 1.32 6.36 -0.352967 0.993382 -0.241181
1620 1.32 6.35 -0.35337 0.99347 -0.24111
1621 1.32 6.31 -0.35372 0.993551 -0.240985
1622 1.32 6.28 -0.35407 0.993632 -0.24086
1623 1.32 6.25 -0.35442 0.993713 -0.240735
1624 1.32 6.21 -0.35477 0.993794 -0.24061
1625 1.32 6.19 -0.35512 0.993875 -0.240485
1626 1.32 6.16 -0.35547 0.993956 -0.24036
1627 1.32 6.13 -0.35582 0.994037 -0.240235
1628 1.32 6.12 -0.35617 0.994118 -0.24011
1629 1.32 6.09 -0.35652 0.994199 -0.239985
1630 1.32 6.08 -0.35687 0.99428 -0.23986
1631 1.32 6.05 -0.357178 0.994357 -0.239711
1632 1.32 6.05 -0.357486 0.994434 -0.239562
1633 1.32 6.02 -0.357794 0.994511 -0.239413
1634 1.32 6.01 -0.358102 0.994588 -0.239264
1635 1.32 5.98 -0.35841 0.994665 -0.239115
1636 1.32 5.97 -0.358718 0.994742 -0.238966
1637 1.32 5.95 -0.359026 0.994819 -0.238817
1638 1.32 5.94 -0.359334 0.994896 -0.238668
1639 1.32 5.92 -0.359642 0.994973 -0.238519
1640 1.32 5.91 -0.35995 0.99505 -0.23837
1641 1.32 5.89 -0.360185 0.995114 -0.238215
1642 1.32 5.88 -0.36042 0.995178 -0.23806
1643 1.32 5.85 -0.360655 0.995242 -0.237905
1644 1.32 5.83 -0.36089 0.995306 -0.23775
1645 1.32 5.8 -0.361125 0.99537 -0.237595
1646 1.32 5.79 -0.36136 0.995434 -0.23744
1647 1.32 5.75 -0.361595 0.995498 -0.237285
1648 1.32 5.75 -0.36183 0.995562 -0.23713
1649 1.32 5.72 -0.362065 0.995626 -0.236975
1650 1.32 5.71 -0.3623 0.99569 -0.23682
1651 1.32 5.69 -0.362472 0.995752 -0.236625
1652 1.32 5.68 -0.362644 0.995814 -0.23643
1653 1.32 5.66 -0.362816 0.995876 -0.236235
1654 1.32 5.66 -0.362988 0.995938 -0.23604
1655 1.32 5.64 -0.36316 0.996 -0.235845
1656 1.32 5.65 -0.363332 0.996062 -0.23565
1657 1.32 5.63 -0.363504 0.996124 -0.235455
1658 1.32 5.63 -0.363676 0.996186 -0.23526
1659 1.32 5.62 -0.363848 0.996248 -0.235065
1660 1.32 5.62 -0.36402 0.99631 -0.23487
1661 1.32 5.6 -0.36421 0.996369 -0.234575
1662 1.32 5.61 -0.3644 0.996428 -0.23428
1663 1.32 5.6 -0.36459 0.996487 -0.233985
1664 1.32 5.6 -0.36478 0.996546 -0.23369
1665 1.32 5.58 -0.36497 0.996605 -0.233395
1666 1.32 5.58 -0.36516 0.996664 -0.2331
1667 1.32 5.56 -0.36535 0.996723 -0.232805
1668 1.32 5.56 -0.36554 0.996782 -0.23251
1669 1.32 5.55 -0.36573 0.996841 -0.232215
1670 1.32 5.55 -0.36592 0.9969 -0.23192
1671 1.32 5.54 -0.366105 0.996934 -0.23153
1672 1.32 5.54 -0.36629 0.996968 -0.23114
1673 1.32 5.53 -0.366475 0.997002 -0.23075
1674 1.32 5.53 -0.36666 0.997036 -0.23036
1675 1.32 5.53 -0.366845 0.99707 -0.22997
1676 1.32 5.53 -0.36703 0.997104 -0.22958
1677 1.32 5.53 -0.367215 0.997138 -0.22919
1678 1.32 5.53 -0.3674 0.997172 -0.2288
1679 1.32 5.52 -0.367585 0.997206 -0.22841
1680 1.32 5.52 -0.36777 0.99724 -0.22802
1681 1.32 5.52 -0.367877 0.997283 -0.227533
1682 1.32 5.53 -0.367984 0.997326 -0.227046
1683 1.32 5.52 -0.368091 0.997369 -0.226559
1684 1.32 5.52 -0.368198 0.997412 -0.226072
1685 1.32 5.52 -0.368305 0.997455 -0.225585
1686 1.32 5.52 -0.368412 0.997498 -0.225098
1687 1.32 5.51 -0.368519 0.997541 -0.224611
1688 1.32 5.53 -0.368626 0.997584 -0.224124
1689 1.32 5.51 -0.368733 0.997627 -0.223637
1690 1.32 5.52 -0.36884 0.99767 -0.22315
1691 1.32 5.52 -0.368919 0.99771 -0.222594
1692 1.32 5.52 -0.368998 0.99775 -0.222038
1693 1.32 5.51 -0.369077 0.99779 -0.221482
1694 1.32 5.52 -0.369156 0.99783 -0.220926
1695 1.32 5.52 -0.369235 0.99787 -0.22037
1696 1.32 5.54 -0.369314 0.99791 -0.219814
1697 1.31 5.54 -0.369393 0.99795 -0.219258
1698 1.31 5.54 -0.369472 0.99799 -0.218702
1699 1.31 5.56 -0.369551 0.99803 -0.218146
1700 1.31 5.57 -0.36963 0.99807 -0.21759
1701 1.31 5.58 -0.369634 0.99808 -0.216954
1702 1.31 5.61 -0.369638 0.99809 -0.216318
1703 1.31 5.61 -0.369642 0.9981 -0.215682
1704 1.31 5.63 -0.369646 0.99811 -0.215046
1705 1.31 5.64 -0.36965 0.99812 -0.21441
1706 1.31 5.66 -0.369654 0.99813 -0.213774
1707 1.31 5.67 -0.369658 0.99814 -0.213138
1708 1.31 5.69 -0.369662 0.99815 -0.212502
1709 1.31 5.7 -0.369666 0.99816 -0.211866
1710 1.31 5.73 -0.36967 0.99817 -0.21123
1711 1.31 5.75 -0.369578 0.998156 -0.210433
1712 1.31 5.77 -0.369486 0.998142 -0.209636
1713 1.31 5.78 -0.369394 0.998128 -0.208839
1714 1.31 5.8 -0.369302 0.998114 -0.208042
1715 1.31 5.81 -0.36921 0.9981 -0.207245
1716 1.31 5.83 -0.369118 0.998086 -0.206448
1717 1.31 5.84 -0.369026 0.998072 -0.205651
1718 1.31 5.88 -0.368934 0.998058 -0.204854
1719 1.31 5.89 -0.368842 0.998044 -0.204057
1720 1.31 5.93 -0.36875 0.99803 -0.20326
1721 1.31 5.95 -0.368589 0.998 -0.202181
1722 1.31 5.97 -0.368428 0.99797 -0.201102
1723 1.31 6 -0.368267 0.99794 -0.200023
1724 1.31 6.03 -0.368106 0.99791 -0.198944
1725 1.31 6.05 -0.367945 0.99788 -0.197865
1726 1.31 6.09 -0.367784 0.99785 -0.196786
1727 1.31 6.1 -0.367623 0.99782 -0.195707
1728 1.31 6.14 -0.367462 0.99779 -0.194628
1729 1.31 6.17 -0.367301 0.99776 -0.193549
1730 1.31 6.2 -0.36714 0.99773 -0.19247
1731 1.31 6.22 -0.367036 0.99773 -0.190954
1732 1.31 6.26 -0.366932 0.99773 -0.189438
1733 1.31 6.28 -0.366828 0.99773 -0.187922
1734 1.31 6.34 -0.366724 0.99773 -0.186406
1735 1.31 6.37 -0.36662 0.99773 -0.18489
1736 1.31 6.39 -0.366516 0.99773 -0.183374
1737 1.31 6.45 -0.366412 0.99773 -0.181858
1738 1.31 6.49 -0.366308 0.99773 -0.180342
1739 1.31 6.52 -0.366204 0.99773 -0.178826
1740 1.31 6.57 -0.3661 0.99773 -0.17731
1741 1.31 6.62 -0.365895 0.997704 -0.175921
1742 1.31 6.66 -0.36569 0.997678 -0.174532
1743 1.31 6.69 -0.365485 0.997652 -0.173143
1744 1.31 6.75 -0.36528 0.997626 -0.171754
1745 1.31 6.8 -0.365075 0.9976 -0.170365
1746 1.31 6.84 -0.36487 0.997574 -0.168976
1747 1.31 6.9 -0.364665 0.997548 -0.167587
1748 1.31 6.96 -0.36446 0.997522 -0.166198
1749 1.31 7 -0.364255 0.997496 -0.164809
1750 1.31 7.05 -0.36405 0.99747 -0.16342
1751 1.31 7.11 -0.363763 0.997438 -0.16217
1752 1.31 7.18 -0.363476 0.997406 -0.16092
1753 1.31 7.24 -0.363189 0.997374 -0.15967
1754 1.31 7.27 -0.362902 0.997342 -0.15842
1755 1.31 7.34 -0.362615 0.99731 -0.15717
1756 1.31 7.41 -0.362328 0.997278 -0.15592
1757 1.31 7.48 -0.362041 0.997246 -0.15467
1758 1.31 7.54 -0.361754 0.997214 -0.15342
1759 1.31 7.59 -0.361467 0.997182 -0.15217
1760 1.31 7.67 -0.36118 0.99715 -0.15092
1761 1.31 7.73 -0.360907 0.997145 -0.149486
1762 1.31 7.78 -0.360634 0.99714 -0.148052
1763 1.31 7.83 -0.360361 0.997135 -0.146618
1764 1.31 7.89 -0.360088 0.99713 -0.145184
1765 1.31 7.95 -0.359815 0.997125 -0.14375
1766 1.31 8 -0.359542 0.99712 -0.142316
1767 1.31 8.05 -0.359269 0.997115 -0.140882
1768 1.31 8.1 -0.358996 0.99711 -0.139448
1769 1.31 8.16 -0.358723 0.997105 -0.138014
1770 1.31 8.21 -0.35845 0.9971 -0.13658
1771 1.31 8.24 -0.3582 0.997103 -0.135091
1772 1.31 8.26 -0.35795 0.997106 -0.133602
1773 1.31 8.32 -0.3577 0.997109 -0.132113
1774 1.31 8.35 -0.35745 0.997112 -0.130624
1775 1.31 8.39 -0.3572 0.997115 -0.129135
1776 1.31 8.43 -0.35695 0.997118 -0.127646
1777 1.31 8.45 -0.3567 0.997121 -0.126157
1778 1.31 8.48 -0.35645 0.997124 -0.124668
1779 1.31 8.51 -0.3562 0.997127 -0.123179
1780 1.31 8.54 -0.35595 0.99713 -0.12169
1781 1.31 8.56 -0.355725 0.997142 -0.120413
1782 1.31 8.59 -0.3555 0.997154 -0.119136
1783 1.31 8.62 -0.355275 0.997166 -0.117859
1784 1.31 8.64 -0.35505 0.997178 -0.116582
1785 1.31 8.67 -0.354825 0.99719 -0.115305
1786 1.31 8.69 -0.3546 0.997202 -0.114028
1787 1.31 8.72 -0.354375 0.997214 -0.112751
1788 1.31 8.74 -0.35415 0.997226 -0.111474
1789 1.31 8.76 -0.353925 0.997238 -0.110197
1790 1.31 8.78 -0.3537 0.99725 -0.10892
1791 1.31 8.78 -0.353681 0.997294 -0.108077
1792 1.31 8.78 -0.353662 0.997338 -0.107234
1793 1.31 8.79 -0.353643 0.997382 -0.106391
1794 1.31 8.81 -0.353624 0.997426 -0.105548
1795 1.31 8.81 -0.353605 0.99747 -0.104705
1796 1.31 8.81 -0.353586 0.997514 -0.103862
1797 1.31 8.81 -0.353567 0.997558 -0.103019
1798 1.31 8.8 -0.353548 0.997602 -0.102176
1799 1.31 8.8 -0.353529 0.997646 -0.101333
1800 1.31 8.79 -0.35351 0.99769 -0.10049
1801 1.31 8.78 -0.352449 0.997701 -0.098423
1802 1.31 8.77 -0.351388 0.997712 -0.096356
1803 1.31 8.75 -0.350327 0.997723 -0.094289
1804 1.31 8.75 -0.349266 0.997734 -0.092222
1805 1.31 8.74 -0.348205 0.997745 -0.090155
1806 1.31 8.74 -0.347144 0.997756 -0.088088
1807 1.31 8.74 -0.346083 0.997767 -0.086021
1808 1.31 8.74 -0.345022 0.997778 -0.083954
1809 1.31 8.75 -0.343961 0.997789 -0.081887
1810 1.31 8.76 -0.3429 0.9978 -0.07982
1811 1.31 8.78 -0.343145 0.997897 -0.079349
1812 1.31 8.79 -0.34339 0.997994 -0.078878
1813 1.31 8.79 -0.343635 0.998091 -0.078407
1814 1.31 8.8 -0.34388 0.998188 -0.077936
1815 1.31 8.79 -0.344125 0.998285 -0.077465
1816 1.31 8.81 -0.34437 0.998382 -0.076994
1817 1.31 8.82 -0.344615 0.998479 -0.076523
1818 1.31 8.84 -0.34486 0.998576 -0.076052
1819 1.31 8.85 -0.345105 0.998673 -0.075581
1820 1.31 8.85 -0.34535 0.99877 -0.07511
1821 1.31 8.86 -0.345667 0.998848 -0.074724
1822 1.31 8.87 -0.345984 0.998926 -0.074338
1823 1.31 8.87 -0.346301 0.999004 -0.073952
1824 1.31 8.88 -0.346618 0.999082 -0.073566
1825 1.31 8.89 -0.346935 0.99916 -0.07318
1826 1.31 8.9 -0.347252 0.999238 -0.072794
1827 1.31 8.92 -0.347569 0.999316 -0.072408
1828 1.31 8.95 -0.347886 0.999394 -0.072022
1829 1.31 8.97 -0.348203 0.999472 -0.071636
1830 1.31 9.01 -0.34852 0.99955 -0.07125
1831 1.31 9.03 -0.348596 0.999595 -0.070244
1832 1.31 9.11 -0.348672 0.99964 -0.069238
1833 1.31 9.15 -0.348748 0.999685 -0.068232
1834 1.31 9.2 -0.348824 0.99973 -0.067226
1835 1.31 9.26 -0.3489 0.999775 -0.06622
1836 1.31 9.32 -0.348976 0.99982 -0.065214
1837 1.31 9.38 -0.349052 0.999865 -0.064208
1838 1.31 9.46 -0.349128 0.99991 -0.063202
1839 1.31 9.54 -0.349204 0.999955 -0.062196
1840 1.31 9.63 -0.34928 1 -0.06119
1841 1.31 9.72 -0.349247 0.999929 -0.060108
1842 1.31 9.82 -0.349214 0.999858 -0.059026
1843 1.31 9.94 -0.349181 0.999787 -0.057944
1844 1.31 10.1 -0.349148 0.999716 -0.056862
1845 1.31 10.2 -0.349115 0.999645 -0.05578
1846 1.31 10.3 -0.349082 0.999574 -0.054698
1847 1.31 10.4 -0.349049 0.999503 -0.053616
1848 1.31 10.6 -0.349016 0.999432 -0.052534
1849 1.31 10.8 -0.348983 0.999361 -0.051452
1850 1.31 10.9 -0.34895 0.99929 -0.05037
1851 1.31 11.1 -0.347857 0.999112 -0.047144
1852 1.31 11.4 -0.346764 0.998934 -0.043918
1853 1.31 11.6 -0.345671 0.998756 -0.040692
1854 1.31 11.8 -0.344578 0.998578 -0.037466
1855 1.31 12.1 -0.343485 0.9984 -0.03424
1856 1.31 12.4 -0.342392 0.998222 -0.031014
1857 1.31 12.7 -0.341299 0.998044 -0.027788
1858 1.31 13 -0.340206 0.997866 -0.024562
1859 1.31 13.3 -0.339113 0.997688 -0.021336
1860 1.31 13.8 -0.33802 0.99751 -0.01811
1861 1.31 14.1 -0.334293 0.997158 -0.009451
1862 1.31 14.8 -0.330566 0.996806 -0.000792000000000001
1863 1.31 15.3 -0.326839 0.996454 0.007867
1864 1.31 15.9 -0.323112 0.996102 0.016526
1865 1.31 16.4 -0.319385 0.99575 0.025185
1866 1.31 17.1 -0.315658 0.995398 0.033844
1867 1.31 17.7 -0.311931 0.995046 0.042503
1868 1.31 18.5 -0.308204 0.994694 0.051162
1869 1.31 19.3 -0.304477 0.994342 0.059821
1870 1.31 20.5 -0.30075 0.99399 0.06848
1871 1.31 21.5 -0.294102 0.992872 0.082581
1872 1.31 22.5 -0.287454 0.991754 0.096682
1873 1.31 23.7 -0.280806 0.990636 0.110783
1874 1.31 24.8 -0.274158 0.989518 0.124884
1875 1.31 26.2 -0.26751 0.9884 0.138985
1876 1.31 27.5 -0.260862 0.987282 0.153086
1877 1.31 29.7 -0.254214 0.986164 0.167187
1878 1.31 31.4 -0.247566 0.985046 0.181288
1879 1.31 33.2 -0.240918 0.983928 0.195389
1880 1.31 35 -0.23427 0.98281 0.20949
1881 1.31 37.3 -0.224318 0.981084 0.226924
1882 1.31 39.3 -0.214366 0.979358 0.244358
1883 1.31 42.7 -0.204414 0.977632 0.261792
1884 1.31 45.3 -0.194462 0.975906 0.279226
1885 1.31 47.9 -0.18451 0.97418 0.29666
1886 1.31 50.6 -0.174558 0.972454 0.314094
1887 1.31 53.6 -0.164606 0.970728 0.331528
1888 1.31 57.6 -0.154654 0.969002 0.348962
1889 1.31 60.9 -0.144702 0.967276 0.366396
1890 1.31 64 -0.13475 0.96555 0.38383
1891 1.31 67.2 -0.122648 0.963104 0.402909
1892 1.31 70.6 -0.110546 0.960658 0.421988
1893 1.31 75 -0.098444 0.958212 0.441067
1894 1.31 78.4 -0.086342 0.955766 0.460146
1895 1.31 81.6 -0.07424 0.95332 0.479225
1896 1.31 84.7 -0.062138 0.950874 0.498304
1897 1.31 87.5 -0.050036 0.948428 0.517383
1898 1.31 91.9 -0.037934 0.945982 0.536462
1899 1.31 94.6 -0.025832 0.943536 0.555541
1900 1.31 97.2 -0.01373 0.94109 0.57462
1901 1.31 100 -0.006205 0.939295 0.583689
1902 1.31 103 0.00132 0.9375 0.592758
1903 1.31 106 0.008845 0.935705 0.601827
1904 1.31 108 0.01637 0.93391 0.610896
1905 1.31 110 0.023895 0.932115 0.619965
1906 1.31 112 0.03142 0.93032 0.629034
1907 1.31 114 0.038945 0.928525 0.638103
1908 1.31 116 0.04647 0.92673 0.647172
1909 1.31 117 0.053995 0.924935 0.656241
1910 1.31 119 0.06152 0.92314 0.66531
1911 1.31 120 0.062637 0.922838 0.662964
1912 1.31 122 0.063754 0.922536 0.660618
1913 1.31 123 0.064871 0.922234 0.658272
1914 1.31 124 0.065988 0.921932 0.655926
1915 1.31 125 0.067105 0.92163 0.65358
1916 1.31 126 0.068222 0.921328 0.651234
1917 1.31 127 0.069339 0.921026 0.648888
1918 1.31 128 0.070456 0.920724 0.646542
1919 1.31 128 0.071573 0.920422 0.644196
1920 1.31 129 0.07269 0.92012 0.64185
1921 1.31 129 0.070908 0.920384 0.637278
1922 1.31 130 0.069126 0.920648 0.632706
1923 1.31 130 0.067344 0.920912 0.628134
1924 1.31 130 0.065562 0.921176 0.623562
1925 1.31 130 0.06378 0.92144 0.61899
1926 1.31 131 0.061998 0.921704 0.614418
1927 1.31 131 0.060216 0.921968 0.609846
1928 1.31 131 0.058434 0.922232 0.605274
1929 1.31 131 0.056652 0.922496 0.600702
1930 1.31 130 0.05487 0.92276 0.59613
1931 1.31 130 0.052506 0.923209 0.592827
1932 1.31 130 0.050142 0.923658 0.589524
1933 1.31 130 0.047778 0.924107 0.586221
1934 1.31 129 0.045414 0.924556 0.582918
1935 1.31 129 0.04305 0.925005 0.579615
1936 1.31 128 0.040686 0.925454 0.576312
1937 1.31 128 0.038322 0.925903 0.573009
1938 1.31 127 0.035958 0.926352 0.569706
1939 1.31 126 0.033594 0.926801 0.566403
1940 1.31 126 0.03123 0.92725 0.5631
1941 1.31 125 0.02869 0.927753 0.560289
1942 1.31 124 0.02615 0.928256 0.557478
1943 1.31 123 0.02361 0.928759 0.554667
1944 1.31 122 0.02107 0.929262 0.551856
1945 1.31 122 0.01853 0.929765 0.549045
1946 1.31 121 0.01599 0.930268 0.546234
1947 1.31 120 0.01345 0.930771 0.543423
1948 1.31 119 0.01091 0.931274 0.540612
1949 1.31 118 0.00837 0.931777 0.537801
1950 1.31 117 0.00583 0.93228 0.53499
1951 1.31 116 0.003199 0.932817 0.531971
1952 1.31 115 0.000568 0.933354 0.528952
1953 1.31 114 -0.002063 0.933891 0.525933
1954 1.31 113 -0.004694 0.934428 0.522914
1955 1.31 112 -0.007325 0.934965 0.519895
1956 1.31 111 -0.009956 0.935502 0.516876
1957 1.31 110 -0.012587 0.936039 0.513857
1958 1.31 109 -0.015218 0.936576 0.510838
1959 1.31 108 -0.017849 0.937113 0.507819
1960 1.31 107 -0.02048 0.93765 0.5048
1961 1.31 106 -0.023353 0.938176 0.501757
1962 1.31 104 -0.026226 0.938702 0.498714
1963 1.31 104 -0.029099 0.939228 0.495671
1964 1.31 102 -0.031972 0.939754 0.492628
1965 1.31 101 -0.034845 0.94028 0.489585
1966 1.31 101 -0.037718 0.940806 0.486542
1967 1.31 99.3 -0.040591 0.941332 0.483499
1968 1.31 98.3 -0.043464 0.941858 0.480456
1969 1.31 97.1 -0.046337 0.942384 0.477413
1970 1.31 96.3 -0.04921 0.94291 0.47437
1971 1.31 94.9 -0.05224 0.943443 0.47101
1972 1.31 94.1 -0.05527 0.943976 0.46765
1973 1.31 93.4 -0.0583 0.944509 0.46429
1974 1.31 92.1 -0.06133 0.945042 0.46093
1975 1.31 91.2 -0.06436 0.945575 0.45757
1976 1.31 90.1 -0.06739 0.946108 0.45421
1977 1.31 89.3 -0.07042 0.946641 0.45085
1978 1.31 88 -0.07345 0.947174 0.44749
1979 1.31 87.3 -0.07648 0.947707 0.44413
1980 1.31 86.1 -0.07951 0.94824 0.44077
1981 1.31 85.3 -0.082633 0.948777 0.437025
1982 1.31 84.6 -0.085756 0.949314 0.43328
1983 1.31 83.4 -0.088879 0.949851 0.429535
1984 1.31 82.6 -0.092002 0.950388 0.42579
1985 1.31 81.5 -0.095125 0.950925 0.422045
1986 1.31 80.8 -0.098248 0.951462 0.4183
1987 1.31 79.7 -0.101371 0.951999 0.414555
1988 1.31 79 -0.104494 0.952536 0.41081
1989 1.31 78 -0.107617 0.953073 0.407065
1990 1.31 77.2 -0.11074 0.95361 0.40332
1991 1.31 76.3 -0.113735 0.954127 0.399185
1992 1.31 75.6 -0.11673 0.954644 0.39505
1993 1.31 74.6 -0.119725 0.955161 0.390915
1994 1.31 73.9 -0.12272 0.955678 0.38678
1995 1.31 73 -0.125715 0.956195 0.382645
1996 1.31 72.3 -0.12871 0.956712 0.37851
1997 1.31 71.4 -0.131705 0.957229 0.374375
1998 1.31 70.8 -0.1347 0.957746 0.37024
1999 1.31 69.9 -0.137695 0.958263 0.366105
2000 1.31 69.2 -0.14069 0.95878 0.36197
2001 1.31 68.7 -0.143452 0.95924 0.357945
2002 1.31 67.8 -0.146214 0.9597 0.35392
2003 1.31 66.9 -0.148976 0.96016 0.349895
2004 1.31 66.3 -0.151738 0.96062 0.34587
2005 1.31 65.5 -0.1545 0.96108 0.341845
2006 1.31 64.9 -0.157262 0.96154 0.33782
2007 1.31 64.1 -0.160024 0.962 0.333795
2008 1.31 63.6 -0.162786 0.96246 0.32977
2009 1.31 62.8 -0.165548 0.96292 0.325745
2010 1.31 62.3 -0.16831 0.96338 0.32172
2011 1.31 61.6 -0.170797 0.963757 0.318073
2012 1.31 61.1 -0.173284 0.964134 0.314426
2013 1.31 60.3 -0.175771 0.964511 0.310779
2014 1.31 59.8 -0.178258 0.964888 0.307132
2015 1.31 59.1 -0.180745 0.965265 0.303485
2016 1.31 58.6 -0.183232 0.965642 0.299838
2017 1.31 57.9 -0.185719 0.966019 0.296191
2018 1.31 57.5 -0.188206 0.966396 0.292544
2019 1.31 56.8 -0.190693 0.966773 0.288897
2020 1.31 56.3 -0.19318 0.96715 0.28525
2021 1.31 55.7 -0.195298 0.967443 0.282004
2022 1.31 55 -0.197416 0.967736 0.278758
2023 1.31 54.6 -0.199534 0.968029 0.275512
2024 1.31 54 -0.201652 0.968322 0.272266
2025 1.31 53.6 -0.20377 0.968615 0.26902
2026 1.31 52.9 -0.205888 0.968908 0.265774
2027 1.31 52.6 -0.208006 0.969201 0.262528
2028 1.31 52 -0.210124 0.969494 0.259282
2029 1.31 51.4 -0.212242 0.969787 0.256036
2030 1.31 51 -0.21436 0.97008 0.25279
2031 1.31 50.5 -0.216082 0.970289 0.250048
2032 1.31 50.1 -0.217804 0.970498 0.247306
2033 1.31 49.5 -0.219526 0.970707 0.244564
2034 1.31 49.2 -0.221248 0.970916 0.241822
2035 1.31 48.6 -0.22297 0.971125 0.23908
2036 1.31 48.1 -0.224692 0.971334 0.236338
2037 1.31 47.7 -0.226414 0.971543 0.233596
2038 1.31 47.2 -0.228136 0.971752 0.230854
2039 1.31 46.9 -0.229858 0.971961 0.228112
2040 1.31 46.4 -0.23158 0.97217 0.22537
2041 1.31 45.8 -0.232962 0.97233 0.223283
2042 1.31 45.5 -0.234344 0.97249 0.221196
2043 1.3 45 -0.235726 0.97265 0.219109
2044 1.3 44.7 -0.237108 0.97281 0.217022
2045 1.3 44.3 -0.23849 0.97297 0.214935
2046 1.3 43.8 -0.239872 0.97313 0.212848
2047 1.3 43.5 -0.241254 0.97329 0.210761
2048 1.3 43 -0.242636 0.97345 0.208674
2049 1.3 42.7 -0.244018 0.97361 0.206587
2050 1.3 42.3 -0.2454 0.97377 0.2045
2051 1.3 41.9 -0.246541 0.973913 0.203132
2052 1.3 41.6 -0.247682 0.974056 0.201764
2053 1.3 41.2 -0.248823 0.974199 0.200396
2054 1.3 40.7 -0.249964 0.974342 0.199028
2055 1.3 40.5 -0.251105 0.974485 0.19766
2056 1.3 40 -0.252246 0.974628 0.196292
2057 1.3 39.8 -0.253387 0.974771 0.194924
2058 1.3 39.3 -0.254528 0.974914 0.193556
2059 1.3 38.9 -0.255669 0.975057 0.192188
2060 1.3 38.7 -0.25681 0.9752 0.19082
2061 1.3 38.3 -0.257687 0.975334 0.190178
2062 1.3 37.9 -0.258564 0.975468 0.189536
2063 1.3 37.6 -0.259441 0.975602 0.188894
2064 1.3 37.3 -0.260318 0.975736 0.188252
2065 1.3 36.9 -0.261195 0.97587 0.18761
2066 1.3 36.6 -0.262072 0.976004 0.186968
2067 1.3 36.3 -0.262949 0.976138 0.186326
2068 1.3 35.9 -0.263826 0.976272 0.185684
2069 1.3 35.7 -0.264703 0.976406 0.185042
2070 1.3 35.4 -0.26558 0.97654 0.1844
2071 1.3 35 -0.266273 0.976648 0.184164
2072 1.3 34.8 -0.266966 0.976756 0.183928
2073 1.3 34.5 -0.267659 0.976864 0.183692
2074 1.3 34.1 -0.268352 0.976972 0.183456
2075 1.3 33.9 -0.269045 0.97708 0.18322
2076 1.3 33.6 -0.269738 0.977188 0.182984
2077 1.3 33.3 -0.270431 0.977296 0.182748
2078 1.3 33.1 -0.271124 0.977404 0.182512
2079 1.3 32.8 -0.271817 0.977512 0.182276
2080 1.3 32.5 -0.27251 0.97762 0.18204
2081 1.3 32.3 -0.273167 0.977685 0.181919
2082 1.3 32 -0.273824 0.97775 0.181798
2083 1.3 31.7 -0.274481 0.977815 0.181677
2084 1.3 31.5 -0.275138 0.97788 0.181556
2085 1.3 31.3 -0.275795 0.977945 0.181435
2086 1.3 31 -0.276452 0.97801 0.181314
2087 1.3 30.7 -0.277109 0.978075 0.181193
2088 1.3 30.5 -0.277766 0.97814 0.181072
2089 1.3 30.3 -0.278423 0.978205 0.180951
2090 1.3 30 -0.27908 0.97827 0.18083
2091 1.3 29.8 -0.279755 0.978302 0.180763
2092 1.3 29.6 -0.28043 0.978334 0.180696
2093 1.3 29.3 -0.281105 0.978366 0.180629
2094 1.3 29.1 -0.28178 0.978398 0.180562
2095 1.3 28.9 -0.282455 0.97843 0.180495
2096 1.3 28.7 -0.28313 0.978462 0.180428
2097 1.3 28.4 -0.283805 0.978494 0.180361
2098 1.3 28.2 -0.28448 0.978526 0.180294
2099 1.3 28 -0.285155 0.978558 0.180227
2100 1.3 27.8 -0.28583 0.97859 0.18016
2101 1.3 27.5 -0.286187 0.978607 0.181197
2102 1.3 27.4 -0.286544 0.978624 0.182234
2103 1.3 27.1 -0.286901 0.978641 0.183271
2104 1.3 26.9 -0.287258 0.978658 0.184308
2105 1.3 26.7 -0.287615 0.978675 0.185345
2106 1.3 26.6 -0.287972 0.978692 0.186382
2107 1.3 26.4 -0.288329 0.978709 0.187419
2108 1.3 26.2 -0.288686 0.978726 0.188456
2109 1.3 26 -0.289043 0.978743 0.189493
2110 1.3 25.8 -0.2894 0.97876 0.19053
2111 1.3 25.7 -0.290206 0.978833 0.190565
2112 1.3 25.5 -0.291012 0.978906 0.1906
2113 1.3 25.3 -0.291818 0.978979 0.190635
2114 1.3 25.2 -0.292624 0.979052 0.19067
2115 1.3 25 -0.29343 0.979125 0.190705
2116 1.3 24.9 -0.294236 0.979198 0.19074
2117 1.3 24.7 -0.295042 0.979271 0.190775
2118 1.3 24.6 -0.295848 0.979344 0.19081
2119 1.3 24.4 -0.296654 0.979417 0.190845
2120 1.3 24.2 -0.29746 0.97949 0.19088
2121 1.3 24 -0.297384 0.979525 0.192394
2122 1.3 23.9 -0.297308 0.97956 0.193908
2123 1.3 23.7 -0.297232 0.979595 0.195422
2124 1.3 23.6 -0.297156 0.97963 0.196936
2125 1.3 23.4 -0.29708 0.979665 0.19845
2126 1.3 23.3 -0.297004 0.9797 0.199964
2127 1.3 23.2 -0.296928 0.979735 0.201478
2128 1.3 23 -0.296852 0.97977 0.202992
2129 1.3 22.9 -0.296776 0.979805 0.204506
2130 1.3 22.8 -0.2967 0.97984 0.20602
2131 1.3 22.6 -0.29415 0.979685 0.212338
2132 1.3 22.5 -0.2916 0.97953 0.218656
2133 1.3 22.4 -0.28905 0.979375 0.224974
2134 1.3 22.3 -0.2865 0.97922 0.231292
2135 1.3 22.1 -0.28395 0.979065 0.23761
2136 1.3 22 -0.2814 0.97891 0.243928
2137 1.3 21.9 -0.27885 0.978755 0.250246
2138 1.3 21.8 -0.2763 0.9786 0.256564
2139 1.3 21.7 -0.27375 0.978445 0.262882
2140 1.3 21.6 -0.2712 0.97829 0.2692
2141 1.3 21.5 -0.265638 0.9779 0.281411
2142 1.3 21.4 -0.260076 0.97751 0.293622
2143 1.3 21.3 -0.254514 0.97712 0.305833
2144 1.3 21.2 -0.248952 0.97673 0.318044
2145 1.3 21.1 -0.24339 0.97634 0.330255
2146 1.3 21 -0.237828 0.97595 0.342466
2147 1.3 20.9 -0.232266 0.97556 0.354677
2148 1.3 20.9 -0.226704 0.97517 0.366888
2149 1.3 20.8 -0.221142 0.97478 0.379099
2150 1.3 20.7 -0.21558 0.97439 0.39131
2151 1.3 20.6 -0.209745 0.973943 0.402877
2152 1.3 20.5 -0.20391 0.973496 0.414444
2153 1.3 20.4 -0.198075 0.973049 0.426011
2154 1.3 20.3 -0.19224 0.972602 0.437578
2155 1.3 20.3 -0.186405 0.972155 0.449145
2156 1.3 20.2 -0.18057 0.971708 0.460712
2157 1.3 20.1 -0.174735 0.971261 0.472279
2158 1.3 20 -0.1689 0.970814 0.483846
2159 1.3 20 -0.163065 0.970367 0.495413
2160 1.3 19.9 -0.15723 0.96992 0.50698
2161 1.3 19.8 -0.153291 0.969512 0.513742
2162 1.3 19.8 -0.149352 0.969104 0.520504
2163 1.3 19.7 -0.145413 0.968696 0.527266
2164 1.3 19.6 -0.141474 0.968288 0.534028
2165 1.3 19.6 -0.137535 0.96788 0.54079
2166 1.3 19.5 -0.133596 0.967472 0.547552
2167 1.3 19.5 -0.129657 0.967064 0.554314
2168 1.3 19.4 -0.125718 0.966656 0.561076
2169 1.3 19.4 -0.121779 0.966248 0.567838
2170 1.3 19.3 -0.11784 0.96584 0.5746
2171 1.3 19.3 -0.114908 0.965419 0.579799
2172 1.3 19.2 -0.111976 0.964998 0.584998
2173 1.3 19.2 -0.109044 0.964577 0.590197
2174 1.3 19.1 -0.106112 0.964156 0.595396
2175 1.3 19.1 -0.10318 0.963735 0.600595
2176 1.3 19 -0.100248 0.963314 0.605794
2177 1.3 19 -0.097316 0.962893 0.610993
2178 1.3 19 -0.094384 0.962472 0.616192
2179 1.3 18.9 -0.091452 0.962051 0.621391
2180 1.3 18.8 -0.08852 0.96163 0.62659
2181 1.3 18.8 -0.085727 0.961067 0.632752
2182 1.3 18.7 -0.082934 0.960504 0.638914
2183 1.3 18.7 -0.080141 0.959941 0.645076
2184 1.3 18.7 -0.077348 0.959378 0.651238
2185 1.3 18.6 -0.074555 0.958815 0.6574
2186 1.3 18.6 -0.071762 0.958252 0.663562
2187 1.3 18.5 -0.068969 0.957689 0.669724
2188 1.3 18.5 -0.066176 0.957126 0.675886
2189 1.3 18.5 -0.063383 0.956563 0.682048
2190 1.3 18.4 -0.06059 0.956 0.68821
2191 1.3 18.4 -0.055344 0.955303 0.69979
2192 1.3 18.4 -0.050098 0.954606 0.71137
2193 1.3 18.4 -0.044852 0.953909 0.72295
2194 1.3 18.4 -0.039606 0.953212 0.73453
2195 1.3 18.4 -0.03436 0.952515 0.74611
2196 1.3 18.4 -0.029114 0.951818 0.75769
2197 1.3 18.4 -0.023868 0.951121 0.76927
2198 1.3 18.4 -0.018622 0.950424 0.78085
2199 1.3 18.4 -0.013376 0.949727 0.79243
2200 1.3 18.3 -0.00813 0.94903 0.80401
2201 1.3 18.3 -0.007913 0.948778 0.806743
2202 1.3 18.3 -0.007696 0.948526 0.809476
2203 1.3 18.3 -0.007479 0.948274 0.812209
2204 1.3 18.3 -0.007262 0.948022 0.814942
2205 1.3 18.3 -0.007045 0.94777 0.817675
2206 1.3 18.3 -0.006828 0.947518 0.820408
2207 1.3 18.3 -0.006611 0.947266 0.823141
2208 1.3 18.3 -0.006394 0.947014 0.825874
2209 1.3 18.3 -0.006177 0.946762 0.828607
2210 1.3 18.3 -0.00596 0.94651 0.83134
2211 1.3 18.3 -0.015765 0.947542 0.810605
2212 1.3 18.3 -0.02557 0.948574 0.78987
2213 1.3 18.3 -0.035375 0.949606 0.769135
2214 1.3 18.3 -0.04518 0.950638 0.7484
2215 1.3 18.3 -0.054985 0.95167 0.727665
2216 1.29 18.3 -0.06479 0.952702 0.70693
2217 1.29 18.4 -0.074595 0.953734 0.686195
2218 1.29 18.4 -0.0844 0.954766 0.66546
2219 1.29 18.4 -0.094205 0.955798 0.644725
2220 1.29 18.4 -0.10401 0.95683 0.62399
2221 1.29 18.4 -0.106914 0.957295 0.616417
2222 1.29 18.4 -0.109818 0.95776 0.608844
2223 1.29 18.4 -0.112722 0.958225 0.601271
2224 1.29 18.4 -0.115626 0.95869 0.593698
2225 1.29 18.4 -0.11853 0.959155 0.586125
2226 1.29 18.5 -0.121434 0.95962 0.578552
2227 1.29 18.5 -0.124338 0.960085 0.570979
2228 1.29 18.5 -0.127242 0.96055 0.563406
2229 1.29 18.5 -0.130146 0.961015 0.555833
2230 1.29 18.6 -0.13305 0.96148 0.54826
2231 1.29 18.6 -0.132671 0.96151 0.547565
2232 1.29 18.6 -0.132292 0.96154 0.54687
2233 1.29 18.6 -0.131913 0.96157 0.546175
2234 1.29 18.7 -0.131534 0.9616 0.54548
2235 1.29 18.7 -0.131155 0.96163 0.544785
2236 1.29 18.7 -0.130776 0.96166 0.54409
2237 1.29 18.8 -0.130397 0.96169 0.543395
2238 1.29 18.8 -0.130018 0.96172 0.5427
2239 1.29 18.8 -0.129639 0.96175 0.542005
2240 1.29 18.9 -0.12926 0.96178 0.54131
2241 1.29 18.9 -0.129014 0.961706 0.539857
2242 1.29 19 -0.128768 0.961632 0.538404
2243 1.29 19 -0.128522 0.961558 0.536951
2244 1.29 19.1 -0.128276 0.961484 0.535498
2245 1.29 19.1 -0.12803 0.96141 0.534045
2246 1.29 19.2 -0.127784 0.961336 0.532592
2247 1.29 19.2 -0.127538 0.961262 0.531139
2248 1.29 19.3 -0.127292 0.961188 0.529686
2249 1.29 19.3 -0.127046 0.961114 0.528233
2250 1.29 19.4 -0.1268 0.96104 0.52678
2251 1.29 19.5 -0.126125 0.960969 0.526314
2252 1.29 19.5 -0.12545 0.960898 0.525848
2253 1.29 19.6 -0.124775 0.960827 0.525382
2254 1.29 19.7 -0.1241 0.960756 0.524916
2255 1.29 19.7 -0.123425 0.960685 0.52445
2256 1.29 19.8 -0.12275 0.960614 0.523984
2257 1.29 19.9 -0.122075 0.960543 0.523518
2258 1.29 19.9 -0.1214 0.960472 0.523052
2259 1.29 20 -0.120725 0.960401 0.522586
2260 1.29 20 -0.12005 0.96033 0.52212
2261 1.29 20.1 -0.118904 0.960247 0.523113
2262 1.29 20.2 -0.117758 0.960164 0.524106
2263 1.29 20.3 -0.116612 0.960081 0.525099
2264 1.29 20.4 -0.115466 0.959998 0.526092
2265 1.29 20.5 -0.11432 0.959915 0.527085
2266 1.29 20.5 -0.113174 0.959832 0.528078
2267 1.29 20.6 -0.112028 0.959749 0.529071
2268 1.29 20.7 -0.110882 0.959666 0.530064
2269 1.29 20.8 -0.109736 0.959583 0.531057
2270 1.29 20.9 -0.10859 0.9595 0.53205
2271 1.29 20.9 -0.107445 0.959298 0.533652
2272 1.29 21 -0.1063 0.959096 0.535254
2273 1.29 21.1 -0.105155 0.958894 0.536856
2274 1.29 21.3 -0.10401 0.958692 0.538458
2275 1.29 21.4 -0.102865 0.95849 0.54006
2276 1.29 21.5 -0.10172 0.958288 0.541662
2277 1.29 21.5 -0.100575 0.958086 0.543264
2278 1.29 21.6 -0.09943 0.957884 0.544866
2279 1.29 21.7 -0.098285 0.957682 0.546468
2280 1.29 21.8 -0.09714 0.95748 0.54807
2281 1.29 21.9 -0.09578 0.957172 0.550423
2282 1.29 22 -0.09442 0.956864 0.552776
2283 1.29 22.1 -0.09306 0.956556 0.555129
2284 1.29 22.2 -0.0917 0.956248 0.557482
2285 1.29 22.3 -0.09034 0.95594 0.559835
2286 1.29 22.5 -0.08898 0.955632 0.562188
2287 1.29 22.6 -0.08762 0.955324 0.564541
2288 1.29 22.8 -0.08626 0.955016 0.566894
2289 1.29 22.9 -0.0849 0.954708 0.569247
2290 1.29 23 -0.08354 0.9544 0.5716
2291 1.29 23.1 -0.081963 0.95404 0.574186
2292 1.29 23.3 -0.080386 0.95368 0.576772
2293 1.29 23.4 -0.078809 0.95332 0.579358
2294 1.29 23.5 -0.077232 0.95296 0.581944
2295 1.29 23.6 -0.075655 0.9526 0.58453
2296 1.29 23.8 -0.074078 0.95224 0.587116
2297 1.29 23.9 -0.072501 0.95188 0.589702
2298 1.29 24.1 -0.070924 0.95152 0.592288
2299 1.29 24.2 -0.069347 0.95116 0.594874
2300 1.29 24.3 -0.06777 0.9508 0.59746
2301 1.29 24.4 -0.06608 0.950432 0.600783
2302 1.29 24.6 -0.06439 0.950064 0.604106
2303 1.29 24.7 -0.0627 0.949696 0.607429
2304 1.29 24.9 -0.06101 0.949328 0.610752
2305 1.29 25 -0.05932 0.94896 0.614075
2306 1.29 25.2 -0.05763 0.948592 0.617398
2307 1.29 25.3 -0.05594 0.948224 0.620721
2308 1.29 25.5 -0.05425 0.947856 0.624044
2309 1.29 25.6 -0.05256 0.947488 0.627367
2310 1.29 25.8 -0.05087 0.94712 0.63069
2311 1.29 25.9 -0.050413 0.946889 0.634028
2312 1.29 26.1 -0.049956 0.946658 0.637366
2313 1.29 26.2 -0.049499 0.946427 0.640704
2314 1.29 26.5 -0.049042 0.946196 0.644042
2315 1.29 26.6 -0.048585 0.945965 0.64738
2316 1.29 26.8 -0.048128 0.945734 0.650718
2317 1.29 27 -0.047671 0.945503 0.654056
2318 1.29 27.1 -0.047214 0.945272 0.657394
2319 1.29 27.3 -0.046757 0.945041 0.660732
2320 1.29 27.4 -0.0463 0.94481 0.66407
2321 1.29 27.6 -0.046241 0.944518 0.666221
2322 1.29 27.9 -0.046182 0.944226 0.668372
2323 1.29 28 -0.046123 0.943934 0.670523
2324 1.29 28.2 -0.046064 0.943642 0.672674
2325 1.29 28.4 -0.046005 0.94335 0.674825
2326 1.29 28.6 -0.045946 0.943058 0.676976
2327 1.28 28.7 -0.045887 0.942766 0.679127
2328 1.28 29 -0.045828 0.942474 0.681278
2329 1.28 29.2 -0.045769 0.942182 0.683429
2330 1.28 29.3 -0.04571 0.94189 0.68558
2331 1.28 29.5 -0.044919 0.941499 0.687942
2332 1.28 29.7 -0.044128 0.941108 0.690304
2333 1.28 29.9 -0.043337 0.940717 0.692666
2334 1.28 30 -0.042546 0.940326 0.695028
2335 1.28 30.4 -0.041755 0.939935 0.69739
2336 1.28 30.5 -0.040964 0.939544 0.699752
2337 1.28 30.7 -0.040173 0.939153 0.702114
2338 1.28 30.9 -0.039382 0.938762 0.704476
2339 1.28 31.1 -0.038591 0.938371 0.706838
2340 1.28 31.5 -0.0378 0.93798 0.7092
2341 1.28 31.6 -0.035702 0.937606 0.713187
2342 1.28 31.8 -0.033604 0.937232 0.717174
2343 1.28 32 -0.031506 0.936858 0.721161
2344 1.28 32.2 -0.029408 0.936484 0.725148
2345 1.28 32.4 -0.02731 0.93611 0.729135
2346 1.28 32.7 -0.025212 0.935736 0.733122
2347 1.28 32.9 -0.023114 0.935362 0.737109
2348 1.28 33.1 -0.021016 0.934988 0.741096
2349 1.28 33.3 -0.018918 0.934614 0.745083
2350 1.28 33.5 -0.01682 0.93424 0.74907
2351 1.28 33.9 -0.015705 0.934164 0.75182
2352 1.28 34 -0.01459 0.934088 0.75457
2353 1.28 34.3 -0.013475 0.934012 0.75732
2354 1.28 34.5 -0.01236 0.933936 0.76007
2355 1.28 34.7 -0.011245 0.93386 0.76282
2356 1.28 34.9 -0.01013 0.933784 0.76557
2357 1.28 35.3 -0.009015 0.933708 0.76832
2358 1.28 35.5 -0.0079 0.933632 0.77107
2359 1.28 35.7 -0.006785 0.933556 0.77382
2360 1.28 35.9 -0.00567 0.93348 0.77657
2361 1.28 36.1 -0.004311 0.933398 0.779058
2362 1.28 36.6 -0.002952 0.933316 0.781546
2363 1.28 36.8 -0.001593 0.933234 0.784034
2364 1.28 37 -0.000233999999999999 0.933152 0.786522
2365 1.28 37.2 0.001125 0.93307 0.78901
2366 1.28 37.6 0.002484 0.932988 0.791498
2367 1.28 37.8 0.003843 0.932906 0.793986
2368 1.28 38 0.005202 0.932824 0.796474
2369 1.28 38.3 0.006561 0.932742 0.798962
2370 1.28 38.5 0.00792 0.93266 0.80145
2371 1.28 38.9 0.010206 0.932376 0.805833
2372 1.28 39.1 0.012492 0.932092 0.810216
2373 1.28 39.4 0.014778 0.931808 0.814599
2374 1.28 39.6 0.017064 0.931524 0.818982
2375 1.28 40.1 0.01935 0.93124 0.823365
2376 1.28 40.2 0.021636 0.930956 0.827748
2377 1.28 40.5 0.023922 0.930672 0.832131
2378 1.28 40.8 0.026208 0.930388 0.836514
2379 1.28 41 0.028494 0.930104 0.840897
2380 1.28 41.5 0.03078 0.92982 0.84528
2381 1.28 41.7 0.031414 0.929599 0.846408
2382 1.28 42 0.032048 0.929378 0.847536
2383 1.28 42.2 0.032682 0.929157 0.848664
2384 1.28 42.7 0.033316 0.928936 0.849792
2385 1.28 42.9 0.03395 0.928715 0.85092
2386 1.28 43.2 0.034584 0.928494 0.852048
2387 1.28 43.4 0.035218 0.928273 0.853176
2388 1.28 43.9 0.035852 0.928052 0.854304
2389 1.28 44.1 0.036486 0.927831 0.855432
2390 1.28 44.4 0.03712 0.92761 0.85656
2391 1.28 44.6 0.03688 0.927472 0.855939
2392 1.28 45.1 0.03664 0.927334 0.855318
2393 1.28 45.4 0.0364 0.927196 0.854697
2394 1.28 45.7 0.03616 0.927058 0.854076
2395 1.28 45.9 0.03592 0.92692 0.853455
2396 1.28 46.4 0.03568 0.926782 0.852834
2397 1.28 46.6 0.03544 0.926644 0.852213
2398 1.28 46.9 0.0352 0.926506 0.851592
2399 1.28 47.1 0.03496 0.926368 0.850971
2400 1.28 47.6 0.03472 0.92623 0.85035
